<MODEL>

<HEADER>

Name:""
CanAnimation:true
IsAnime:false
GlobalInverseTransform:{1.0,-0.0,0.0,-0.0,-0.0,1.0,-0.0,0.0,0.0,-0.0,1.0,-0.0,-0.0,0.0,-0.0,1.0}
NodeNun:{60.0}
MeshNum:{1.0}
<HEADER>

<NODES>

<NODE-0>

Name:"RootNode"
Transform:{1.0,-0.0,0.0,-0.0,-0.0,1.0,-0.0,0.0,0.0,-0.0,1.0,-0.0,-0.0,0.0,-0.0,1.0}
GlobalTransform:{1.0,-0.0,0.0,-0.0,-0.0,1.0,-0.0,0.0,0.0,-0.0,1.0,-0.0,-0.0,0.0,-0.0,1.0}
Parent:""
<NODE-0>

<NODE-1>

Name:"Armature"
Transform:{1.0,0.0,-0.0,0.0,0.0,1.0,-0.0,0.0,-0.0,-0.0,1.0,-0.0,0.0,0.0,-0.0,1.0}
GlobalTransform:{1.0,0.0,0.0,0.0,0.0,1.0,0.0,0.0,0.0,0.0,1.0,0.0,0.0,0.0,0.0,1.0}
Parent:"RootNode"
<NODE-1>

<NODE-2>

Name:"mixamorig:Hips"
Transform:{1.0,0.000106682448,-3.01934e-06,0.139064789,-0.000106682,1.0,2.92492956e-07,8942.58887,3.01937416e-06,-2.92171e-07,1.0,32.2667236,0.0,0.0,-0.0,1.0}
GlobalTransform:{1.0,0.000106682448,-3.01934e-06,0.139064789,-0.000106682,1.0,2.92492956e-07,8942.58887,3.01937416e-06,-2.92171e-07,1.0,32.2667236,0.0,0.0,0.0,1.0}
Parent:"Armature"
<NODE-2>

<NODE-3>

Name:"mixamorig:Spine"
Transform:{1.0,-0.000106591,-5.35698e-06,6.44649845e-09,0.000106682463,0.996919692,0.0784291178,1172.17188,-3.01933e-06,-0.0784291,0.996919692,-92.2168,0.0,0.0,-0.0,1.0}
GlobalTransform:{1.0,9.17950445e-08,-8.37635e-06,-0.814304,5.65436267e-07,0.996919692,0.0784294084,10089.7451,8.35775154e-06,-0.0784294,0.996919692,-761.409,0.0,0.0,0.0,1.0}
Parent:"mixamorig:Hips"
<NODE-3>

<NODE-4>

Name:"mixamorig:Spine1"
Transform:{1.0,0.0,-0.0,1.30480027e-08,0.0,1.0,-0.0,1371.75793,-0.0,-0.0,1.0,1.52587863e-05,0.0,0.0,-0.0,1.0}
GlobalTransform:{1.0,9.17950445e-08,-8.37635e-06,-0.814304,5.65436267e-07,0.996919692,0.0784294084,11461.5029,8.35775154e-06,-0.0784294,0.996919692,-761.409,0.0,0.0,0.0,1.0}
Parent:"mixamorig:Spine"
<NODE-4>

<NODE-5>

Name:"mixamorig:Spine2"
Transform:{1.0,0.0,-0.0,3.29371446e-08,0.0,1.0,-0.0,1567.72559,-0.0,-0.0,1.0,9.15527562e-05,0.0,0.0,-0.0,1.0}
GlobalTransform:{1.0,9.17950445e-08,-8.37635e-06,-0.814304,5.65436267e-07,0.996919692,0.0784294084,13029.2285,8.35775154e-06,-0.0784294,0.996919692,-761.409,0.0,0.0,0.0,1.0}
Parent:"mixamorig:Spine1"
<NODE-5>

<NODE-6>

Name:"mixamorig:Neck"
Transform:{1.0,-2.3431e-09,1.84336e-10,-3.46457e-07,2.35034059e-09,0.996919632,-0.0784295,1763.69055,-0.0,0.0784295499,0.996919632,0.000152587905,0.0,0.0,-0.0,1.0}
GlobalTransform:{1.0,8.94447041e-08,-8.37635e-06,-0.814335,-8.94498e-08,1.0,-1.458e-07,14812.501,8.37635343e-06,1.45799731e-07,1.0,262.813354,0.0,0.0,0.0,1.0}
Parent:"mixamorig:Spine2"
<NODE-6>

<NODE-7>

Name:"mixamorig:Head"
Transform:{1.0,0.0,-0.0,-2.74832e-08,0.0,1.0,-0.0,865.291016,-0.0,-0.0,1.0,-635.233,0.0,0.0,-0.0,1.0}
GlobalTransform:{1.0,8.94447041e-08,-8.37635e-06,-0.814335,-8.94498e-08,1.0,-1.458e-07,15677.792,8.37635343e-06,1.45799731e-07,1.0,-372.419,0.0,0.0,0.0,1.0}
Parent:"mixamorig:Neck"
<NODE-7>

<NODE-8>

Name:"mixamorig:Head_end"
Transform:{1.0,0.0,-0.0,0.0,0.0,1.0,-0.0,113.333984,-0.0,-0.0,1.0,-0.0,0.0,0.0,-0.0,1.0}
GlobalTransform:{1.0,8.94447041e-08,-8.37635e-06,-0.814335,-8.94498e-08,1.0,-1.458e-07,15791.126,8.37635343e-06,1.45799731e-07,1.0,-372.419,0.0,0.0,0.0,1.0}
Parent:"mixamorig:Head"
<NODE-8>

<NODE-9>

Name:"mixamorig:LeftShoulder"
Transform:{0.036993444,0.850355804,0.524906158,903.535828,-0.00201939,-0.525201,0.850975811,1260.83081,0.999313474,-0.0325405,-0.0177118,-30.5758,0.0,0.0,-0.0,1.0}
GlobalTransform:{0.0369983129,0.806568384,0.589981854,11583.3174,-0.00201258,-0.590325,0.807163358,-6230.07,0.999313295,-0.0310511,-0.0202177,-441.881,0.0,0.0,0.0,1.0}
Parent:"mixamorig:Spine2"
<NODE-9>

<NODE-10>

Name:"mixamorig:LeftArm"
Transform:{0.96595788,0.0369938239,0.256040633,7.62939453e-06,0.104152754,0.850355923,-0.515797,2047.2699,-0.236807,0.52490586,0.81755507,0.000606536865,0.0,0.0,-0.0,1.0}
GlobalTransform:{0.291529179,0.749322355,0.594581127,10845.3828,-0.513301,-0.401964,0.758252621,-1816.15,0.807175756,-0.526252,0.267443806,-6374.47,0.0,0.0,0.0,1.0}
Parent:"mixamorig:LeftShoulder"
<NODE-10>

<NODE-11>

Name:"mixamorig:LeftForeArm"
Transform:{0.999928892,2.24474377e-07,0.0119245602,0.000306587433,-2.13641e-07,1.0,-9.09795e-07,4306.66406,-0.0119246,9.07182994e-07,0.999928892,-0.000921433,0.0,0.0,-0.0,1.0}
GlobalTransform:{0.301133543,0.742993653,0.597728193,10768.5986,-0.513302,-0.401963,0.758252263,2490.51416,0.803641558,-0.53515,0.260335356,-6503.35,0.0,0.0,0.0,1.0}
Parent:"mixamorig:LeftArm"
<NODE-11>

<NODE-12>

Name:"mixamorig:LeftHand"
Transform:{0.984367728,0.0131952222,-0.175631,-0.000877714,-0.00886313,0.999637365,0.0254275743,4820.87012,0.175902441,-0.0234734,0.9841277,0.00194701273,0.0,0.0,-0.0,1.0}
GlobalTransform:{0.148508951,0.82006371,0.552666783,11775.3105,-0.49535,-0.42201,0.759299278,7049.67334,0.855904996,-0.386526,0.343546301,-4564.36,0.0,0.0,0.0,1.0}
Parent:"mixamorig:LeftForeArm"
<NODE-12>

<NODE-13>

Name:"mixamorig:LeftHandThumb1"
Transform:{0.766795337,-0.565306,-0.304063,-866.698,0.641298652,0.695039392,0.325048149,716.900574,0.0275843181,-0.444241,0.895482719,-68.8235,0.0,0.0,-0.0,1.0}
GlobalTransform:{0.133650988,0.984914303,-0.109914,5565.18994,0.0291610975,0.106952205,0.993836462,11684.5547,0.990599334,-0.136032,-0.0144269,-6963.07,0.0,0.0,0.0,1.0}
Parent:"mixamorig:LeftHand"
<NODE-13>

<NODE-14>

Name:"mixamorig:LeftHandThumb2"
Transform:{0.99015671,0.136343762,-0.0316235,132.916092,-0.136263,0.990661561,0.00471469387,891.649048,0.0319710113,-0.000359181,0.999488711,-0.00256348,0.0,0.0,-0.0,1.0}
GlobalTransform:{0.104985133,0.994103611,0.0271279048,7456.63916,0.0153475069,-0.028895,0.999464691,11675.9316,0.994355321,-0.104513,-0.0182906,-6785.78,0.0,0.0,0.0,1.0}
Parent:"mixamorig:LeftHandThumb1"
<NODE-14>

<NODE-15>

Name:"mixamorig:LeftHandThumb3"
Transform:{0.98638922,0.16000472,0.037878897,11.980957,-0.160104,0.987100065,-0.000424935,1068.37634,-0.0374583,-0.0056454,0.999282241,-0.003479,0.0,0.0,-0.0,1.0}
GlobalTransform:{0.143676966,0.971990943,0.18598491,8978.2959,-0.00208152,-0.187638,0.982236147,11402.7373,0.989622414,-0.141512,-0.024936,-7126.14,0.0,0.0,0.0,1.0}
Parent:"mixamorig:LeftHandThumb2"
<NODE-15>

<NODE-16>

Name:"mixamorig:LeftHandThumb3_end"
Transform:{1.0,0.0,-0.0,0.0,0.0,1.0,-0.0,972.292053,-0.0,-0.0,1.0,-0.0,0.0,0.0,-0.0,1.0}
GlobalTransform:{0.143676966,0.971990943,0.18598491,8978.2959,-0.00208152,-0.187638,0.982236147,12375.0293,0.989622414,-0.141512,-0.024936,-7126.14,0.0,0.0,0.0,1.0}
Parent:"mixamorig:LeftHandThumb3"
<NODE-16>

<NODE-17>

Name:"mixamorig:LeftHandIndex1"
Transform:{0.982937396,-0.179134,-0.0417761,-922.946,0.178170189,0.983662009,-0.0257772,2080.95703,0.0457111336,0.0178940911,0.998794436,99.9419022,0.0,0.0,-0.0,1.0}
GlobalTransform:{0.198952511,0.897815168,0.392868757,9579.29395,-0.48286,-0.259041,0.836506963,11231.1182,0.852797806,-0.356126,0.381982118,-3794.51,0.0,0.0,0.0,1.0}
Parent:"mixamorig:LeftHand"
<NODE-17>

<NODE-18>

Name:"mixamorig:LeftHandIndex2"
Transform:{0.97535944,0.217168346,-0.0388827,181.633759,-0.217072,0.976132393,0.00673068175,1049.34436,0.0394163094,0.00187550625,0.999221087,-0.00136995,0.0,0.0,-0.0,1.0}
GlobalTransform:{0.0560292564,0.83328408,0.549998581,12111.4727,-0.508782,-0.450146,0.733831704,9907.46582,0.859069943,-0.320946,0.398738891,-3392.91,0.0,0.0,0.0,1.0}
Parent:"mixamorig:LeftHandIndex1"
<NODE-18>

<NODE-19>

Name:"mixamorig:LeftHandIndex3"
Transform:{0.98744303,0.148296803,0.0544453748,-43.7258,-0.148656,0.988885522,0.0025922535,918.78833,-0.0534558,-0.0106534,0.998513341,0.00391746778,0.0,0.0,-0.0,1.0}
GlobalTransform:{0.0266472735,0.738591313,0.673626661,13200.1807,-0.50923,-0.569848,0.644948363,8906.89453,0.860217929,-0.360217,0.360927701,-4140.84,0.0,0.0,0.0,1.0}
Parent:"mixamorig:LeftHandIndex2"
<NODE-19>

<NODE-20>

Name:"mixamorig:LeftHandIndex3_end"
Transform:{1.0,0.0,-0.0,0.0,0.0,1.0,-0.0,705.672363,-0.0,-0.0,1.0,-0.0,0.0,0.0,-0.0,1.0}
GlobalTransform:{0.0266472735,0.738591313,0.673626661,13200.1807,-0.50923,-0.569848,0.644948363,9612.56641,0.860217929,-0.360217,0.360927701,-4140.84,0.0,0.0,0.0,1.0}
Parent:"mixamorig:LeftHandIndex3"
<NODE-20>

<NODE-21>

Name:"mixamorig:LeftHandMiddle1"
Transform:{0.996526897,-0.0802622,-0.022186,-19.2216,0.0796889365,0.996490538,-0.0256188,2168.06274,0.0241643228,0.0237618051,0.99942553,55.1522675,0.0,0.0,-0.0,1.0}
GlobalTransform:{0.168761984,0.859662473,0.482182354,11250.6348,-0.503704,-0.345277,0.791874766,10248.291,0.847231507,-0.376516,0.374746084,-4054.53,0.0,0.0,0.0,1.0}
Parent:"mixamorig:LeftHand"
<NODE-21>

<NODE-22>

Name:"mixamorig:LeftHandMiddle2"
Transform:{0.995601654,0.0923838839,-0.0155763,76.140152,-0.0923777,0.995723426,0.00111693074,1063.03027,0.01561289,0.000326886453,0.999878049,-0.000685592,0.0,0.0,-0.0,1.0}
GlobalTransform:{0.108288795,0.829848051,0.547380865,12287.2227,-0.516194,-0.423635,0.744363904,10223.6572,0.849598408,-0.363161,0.382487506,-3875.03,0.0,0.0,0.0,1.0}
Parent:"mixamorig:LeftHandMiddle1"
<NODE-22>

<NODE-23>

Name:"mixamorig:LeftHandMiddle3"
Transform:{0.998600543,0.0504927263,0.0157280955,-20.6541,-0.0505042,0.998723745,0.000330299605,982.71283,-0.0156913,-0.00112417,0.999876201,0.000792557374,0.0,0.0,-0.0,1.0}
GlobalTransform:{0.0954357833,0.801584423,0.590215564,12704.6465,-0.520723,-0.465125,0.715895236,10571.4863,0.848374307,-0.375661,0.373014212,-4078.85,0.0,0.0,0.0,1.0}
Parent:"mixamorig:LeftHandMiddle2"
<NODE-23>

<NODE-24>

Name:"mixamorig:LeftHandMiddle3_end"
Transform:{1.0,0.0,-0.0,0.0,0.0,1.0,-0.0,776.28302,-0.0,-0.0,1.0,-0.0,0.0,0.0,-0.0,1.0}
GlobalTransform:{0.0954357833,0.801584423,0.590215564,12704.6465,-0.520723,-0.465125,0.715895236,11347.7695,0.848374307,-0.375661,0.373014212,-4078.85,0.0,0.0,0.0,1.0}
Parent:"mixamorig:LeftHandMiddle3"
<NODE-24>

<NODE-25>

Name:"mixamorig:LeftHandRing1"
Transform:{0.999134541,-0.0394217,-0.0132678,942.169067,0.0390735939,0.998909712,-0.0255449,2240.33887,0.0142604038,0.0250043403,0.999585629,138.136688,0.0,0.0,-0.0,1.0}
GlobalTransform:{0.156551942,0.841118693,0.517697513,12489.9375,-0.510871,-0.379634,0.771290243,9859.02539,0.845282257,-0.385224,0.370270967,-4080.14,0.0,0.0,0.0,1.0}
Parent:"mixamorig:LeftHand"
<NODE-25>

<NODE-26>

Name:"mixamorig:LeftHandRing2"
Transform:{0.998940051,0.0458043255,-0.00454843,27.4085083,-0.0458042,0.998950422,0.00014024644,896.249329,0.00455007702,6.82390819e-05,0.999989629,-0.000974838,0.0,0.0,-0.0,1.0}
GlobalTransform:{0.129141182,0.824590445,0.550793052,12974.252,-0.517387,-0.417816,0.746819973,10172.2637,0.845950961,-0.381418,0.372675329,-4022.6,0.0,0.0,0.0,1.0}
Parent:"mixamorig:LeftHandRing1"
<NODE-26>

<NODE-27>

Name:"mixamorig:LeftHandRing3"
Transform:{0.999977946,0.00646476028,0.00151288067,-13.3975,-0.0064648,0.999979079,2.29278121e-05,878.528564,-0.0015127,-3.27078e-05,0.999998868,-0.0016101,0.0,0.0,-0.0,1.0}
GlobalTransform:{0.127073377,0.821294129,0.556172729,13020.2441,-0.518192,-0.423147,0.743252099,10966.6113,0.845771551,-0.382652,0.371817291,-4042.55,0.0,0.0,0.0,1.0}
Parent:"mixamorig:LeftHandRing2"
<NODE-27>

<NODE-28>

Name:"mixamorig:LeftHandRing3_end"
Transform:{1.0,0.0,-0.0,0.0,0.0,1.0,-0.0,645.304138,-0.0,-0.0,1.0,-0.0,0.0,0.0,-0.0,1.0}
GlobalTransform:{0.127073377,0.821294129,0.556172729,13020.2441,-0.518192,-0.423147,0.743252099,11611.915,0.845771551,-0.382652,0.371817291,-4042.55,0.0,0.0,0.0,1.0}
Parent:"mixamorig:LeftHandRing3"
<NODE-28>

<NODE-29>

Name:"mixamorig:RightShoulder"
Transform:{0.0570967756,-0.850355,-0.523102,-903.536,0.00258528441,-0.523829,0.851819515,1262.23584,-0.998365,-0.0499885,-0.0277105,-48.4357,0.0,0.0,-0.0,1.0}
GlobalTransform:{0.0570919216,-0.80671,-0.588184,-11584.8,0.00259210751,-0.589023,0.808112025,-6211.44,-0.998366,-0.0476613,-0.0315374,-677.836,0.0,0.0,0.0,1.0}
Parent:"mixamorig:Spine2"
<NODE-29>

<NODE-30>

Name:"mixamorig:RightArm"
Transform:{0.952854574,-0.0570969,-0.298007,9.15527344e-05,-0.109983,0.850355148,-0.514587,2047.27051,0.282793075,0.523102343,0.803985119,0.000926971436,0.0,0.0,-0.0,1.0}
GlobalTransform:{0.351772159,-0.720842,-0.597196,-10481.9,0.509670973,-0.387628,0.768101215,-1611.72,-0.78517,-0.57457,0.231035396,-7070.28,0.0,0.0,0.0,1.0}
Parent:"mixamorig:RightShoulder"
<NODE-30>

<NODE-31>

Name:"mixamorig:RightForeArm"
Transform:{0.999946773,1.70508713e-07,-0.0103153,6.81517213e-06,-1.68382e-07,1.0,2.0703088e-07,4310.97021,0.0103152934,-2.05283e-07,0.999946773,-0.000583866,0.0,0.0,-0.0,1.0}
GlobalTransform:{0.359852791,-0.714877,-0.599547,-10408.5,0.509670734,-0.387628,0.768101335,2699.24829,-0.7815,-0.581975,0.224862695,-7178.02,0.0,0.0,0.0,1.0}
Parent:"mixamorig:RightArm"
<NODE-31>

<NODE-32>

Name:"mixamorig:RightHand"
Transform:{0.980701745,-0.00937992,0.195284784,-0.000171339,0.00376056531,0.999568701,0.0291260742,4830.00098,-0.195474,-0.0278296,0.980314016,-5.05513e-05,0.0,0.0,-0.0,1.0}
GlobalTransform:{0.195512623,-0.811096,-0.551269,-11634.7,0.488042146,-0.4071,0.772064805,7279.87598,-0.850641,-0.419991,0.316255808,-5077.26,0.0,0.0,0.0,1.0}
Parent:"mixamorig:RightForeArm"
<NODE-32>

<NODE-33>

Name:"mixamorig:RightHandThumb1"
Transform:{0.78367734,0.535099089,0.315465868,830.64502,-0.619182,0.713515818,0.327886105,721.943848,-0.0496383,-0.452288,0.890489697,-134.559,0.0,0.0,-0.0,1.0}
GlobalTransform:{0.146021634,-0.985969,0.0808816925,-5993.42,-0.0517453,0.0740339458,0.995912254,11455.458,-0.987927,-0.14961,-0.0402087,-7370.88,0.0,0.0,0.0,1.0}
Parent:"mixamorig:RightHand"
<NODE-33>

<NODE-34>

Name:"mixamorig:RightHandThumb2"
Transform:{0.980108202,-0.198276,0.00864967052,-112.348,0.19827345,0.98014611,0.00110334228,879.837341,-0.00869671,0.000633605232,0.999962032,-0.00189209,0.0,0.0,-0.0,1.0}
GlobalTransform:{0.144831583,-0.98233,-0.11854,-8321.65,-0.0228557,-0.123093,0.992131829,10911.3906,-0.989192,-0.140983,-0.0402795,-7311.22,0.0,0.0,0.0,1.0}
Parent:"mixamorig:RightHandThumb1"
<NODE-34>

<NODE-35>

Name:"mixamorig:RightHandThumb3"
Transform:{0.998949289,0.0363169499,-0.0279541,77.4837646,-0.0362742,0.999339819,0.00203390606,1065.45654,0.0280095283,-0.00101776,0.999607146,0.000610351562,0.0,0.0,-0.0,1.0}
GlobalTransform:{0.171501353,-0.981827,-0.0812583,-7634.77,-0.0301062,-0.0876648,0.995694876,12256.6348,-0.984724,-0.168317,-0.0445937,-7552.54,0.0,0.0,0.0,1.0}
Parent:"mixamorig:RightHandThumb2"
<NODE-35>

<NODE-36>

Name:"mixamorig:RightHandThumb3_end"
Transform:{1.0,0.0,-0.0,0.0,0.0,1.0,-0.0,961.023315,-0.0,-0.0,1.0,-0.0,0.0,0.0,-0.0,1.0}
GlobalTransform:{0.171501353,-0.981827,-0.0812583,-7634.77,-0.0301062,-0.0876648,0.995694876,13217.6582,-0.984724,-0.168317,-0.0445937,-7552.54,0.0,0.0,0.0,1.0}
Parent:"mixamorig:RightHandThumb3"
<NODE-36>

<NODE-37>

Name:"mixamorig:RightHandIndex1"
Transform:{0.989898205,0.138949215,0.0281880461,946.686035,-0.138129,0.989983082,-0.0292215,2167.22925,-0.031966,0.0250327028,0.999175429,68.3281708,0.0,0.0,-0.0,1.0}
GlobalTransform:{0.237372771,-0.871308,-0.429508,-9702.03,0.481004477,-0.278714,0.831235945,11129.6328,-0.843972,-0.403908,0.352943778,-4450.59,0.0,0.0,0.0,1.0}
Parent:"mixamorig:RightHand"
<NODE-37>

<NODE-38>

Name:"mixamorig:RightHandIndex2"
Transform:{0.979672492,-0.199216,0.0235567391,-133.053,0.199195608,0.979954422,0.00321694859,974.511414,-0.0237254,0.0015408434,0.999717295,0.00194655173,0.0,0.0,-0.0,1.0}
GlobalTransform:{0.116842739,-0.807587,-0.578058,-11959.9,0.51593107,-0.447987,0.730152607,9934.125,-0.848624,-0.383551,0.364315063,-4202,0.0,0.0,0.0,1.0}
Parent:"mixamorig:RightHandIndex1"
<NODE-38>

<NODE-39>

Name:"mixamorig:RightHandIndex3"
Transform:{0.998581886,-0.0508559,-0.0157463,58.8481445,0.0508782268,0.998704314,0.00102268835,905.721436,0.0156738609,-0.00182238,0.999875486,-0.00027963,0.0,0.0,-0.0,1.0}
GlobalTransform:{0.103801593,-0.777619,-0.620108,-12323.1,0.520339429,-0.488887,0.70016855,10214.1787,-0.847627,-0.395345,0.353878677,-4407.04,0.0,0.0,0.0,1.0}
Parent:"mixamorig:RightHandIndex2"
<NODE-39>

<NODE-40>

Name:"mixamorig:RightHandIndex3_end"
Transform:{1.0,0.0,-0.0,0.0,0.0,1.0,-0.0,642.363892,-0.0,-0.0,1.0,-0.0,0.0,0.0,-0.0,1.0}
GlobalTransform:{0.103801593,-0.777619,-0.620108,-12323.1,0.520339429,-0.488887,0.70016855,10856.543,-0.847627,-0.395345,0.353878677,-4407.04,0.0,0.0,0.0,1.0}
Parent:"mixamorig:RightHandIndex3"
<NODE-40>

<NODE-41>

Name:"mixamorig:RightHandMiddle1"
Transform:{0.998608053,0.0487775132,0.0200650394,8.54488373,-0.0481813,0.998411834,-0.0291964,2270.95947,-0.0214573,0.0281890426,0.999372303,66.1757355,0.0,0.0,-0.0,1.0}
GlobalTransform:{0.201977819,-0.838252,-0.506497,-11356.7,0.502682686,-0.355112,0.788165987,10248.085,-0.840544,-0.413799,0.349649817,-4553.03,0.0,0.0,0.0,1.0}
Parent:"mixamorig:RightHand"
<NODE-41>

<NODE-42>

Name:"mixamorig:RightHandMiddle2"
Transform:{0.997569084,-0.0693635,0.00668353355,-48.6111,0.0693630055,0.997591436,0.000300918357,1078.40942,-0.00668831,0.000163403107,0.999977648,0.00144691113,0.0,0.0,-0.0,1.0}
GlobalTransform:{0.161001205,-0.814348,-0.557599,-12119,0.515228808,-0.412525,0.751240671,10512.7061,-0.841794,-0.408242,0.353158385,-4475.3,0.0,0.0,0.0,1.0}
Parent:"mixamorig:RightHandMiddle1"
<NODE-42>

<NODE-43>

Name:"mixamorig:RightHandMiddle3"
Transform:{0.999919832,-0.0120507,-0.00389979,23.4653778,0.0120511679,0.999927402,9.35179123e-05,962.516968,0.00389838172,-0.000140507,0.99999243,-0.00115092,0.0,0.0,-0.0,1.0}
GlobalTransform:{0.158062249,-0.807719,-0.567984,-12203.8,0.517052948,-0.422347,0.744499445,11327.9932,-0.841233,-0.411355,0.350876421,-4523.99,0.0,0.0,0.0,1.0}
Parent:"mixamorig:RightHandMiddle2"
<NODE-43>

<NODE-44>

Name:"mixamorig:RightHandMiddle3_end"
Transform:{1.0,0.0,-0.0,0.0,0.0,1.0,-0.0,690.475647,-0.0,-0.0,1.0,-0.0,0.0,0.0,-0.0,1.0}
GlobalTransform:{0.158062249,-0.807719,-0.567984,-12203.8,0.517052948,-0.422347,0.744499445,12018.4688,-0.841233,-0.411355,0.350876421,-4523.99,0.0,0.0,0.0,1.0}
Parent:"mixamorig:RightHandMiddle3"
<NODE-44>

<NODE-45>

Name:"mixamorig:RightHandRing1"
Transform:{0.999417603,0.0252111964,0.022998089,-955.231,-0.0245355,0.999272287,-0.0292052,2482.47461,-0.0237176,0.028623892,0.999308884,157.940689,0.0,0.0,-0.0,1.0}
GlobalTransform:{0.188139766,-0.830546,-0.52421,-12516.4,0.507733107,-0.374637,0.775792301,10190.7969,-0.84072,-0.412116,0.351211548,-4431.48,0.0,0.0,0.0,1.0}
Parent:"mixamorig:RightHand"
<NODE-45>

<NODE-46>

Name:"mixamorig:RightHandRing2"
Transform:{0.999581754,-0.0286767,0.00373625499,-19.5686,0.028676603,0.999588728,8.07418983e-05,911.750977,-0.00373703,2.64349746e-05,0.999993026,0.000194345601,0.0,0.0,-0.0,1.0}
GlobalTransform:{0.17035982,-0.820995,-0.544926,-12839.5,0.512851596,-0.398334,0.760469019,10739.0723,-0.841404,-0.40902,0.353188604,-4384.41,0.0,0.0,0.0,1.0}
Parent:"mixamorig:RightHandRing1"
<NODE-46>

<NODE-47>

Name:"mixamorig:RightHandRing3"
Transform:{0.999896646,-0.013917,-0.00361048,5.86532593,0.0139171788,0.999903142,2.59771477e-05,812.101318,0.00360976672,-7.62221e-05,0.999993503,0.000819333829,0.0,0.0,-0.0,1.0}
GlobalTransform:{0.166242734,-0.81389,-0.556728,-12965.9,0.515150964,-0.409732,0.75282073,11371.3301,-0.840823,-0.41195,0.351161301,-4431.54,0.0,0.0,0.0,1.0}
Parent:"mixamorig:RightHandRing2"
<NODE-47>

<NODE-48>

Name:"mixamorig:RightHandRing3_end"
Transform:{1.0,0.0,-0.0,0.0,0.0,1.0,-0.0,648.252991,-0.0,-0.0,1.0,-0.0,0.0,0.0,-0.0,1.0}
GlobalTransform:{0.166242734,-0.81389,-0.556728,-12965.9,0.515150964,-0.409732,0.75282073,12019.583,-0.840823,-0.41195,0.351161301,-4431.54,0.0,0.0,0.0,1.0}
Parent:"mixamorig:RightHandRing3"
<NODE-48>

<NODE-49>

Name:"mixamorig:LeftUpLeg"
Transform:{-0.998774,0.047425501,-0.0141745,1380.98901,-0.0468081,-0.998058,-0.0411067,-649.255,-0.0160964,-0.0403928,0.999054193,-23.7351,0.0,0.0,-0.0,1.0}
GlobalTransform:{-0.998779,0.047318954,-0.0141714,1804.49951,-0.0467018,-0.998063,-0.0411068,-9575.81,-0.0160891,-0.0403948,0.999054253,-352.717,0.0,0.0,0.0,1.0}
Parent:"mixamorig:Hips"
<NODE-49>

<NODE-50>

Name:"mixamorig:LeftLeg"
Transform:{0.994396687,0.10335502,-0.0222038,4.22000885e-05,-0.105635,0.979557812,-0.171195,3614.58472,0.00405600434,0.172581479,0.984986901,-5.72205e-05,0.0,0.0,-0.0,1.0}
GlobalTransform:{-0.997652,-0.0552041,-0.0405234,812.512268,0.0625136569,-0.975743,-0.209803,-5895.71,-0.0279585,-0.211844,0.976903617,-1992.71,0.0,0.0,0.0,1.0}
Parent:"mixamorig:LeftUpLeg"
<NODE-50>

<NODE-51>

Name:"mixamorig:LeftFoot"
Transform:{0.987490773,-0.157631,-0.00378574,-0.000109911,0.116624005,0.714018941,0.690344751,2884.08398,-0.106117,-0.682151,0.723470688,1.98483467e-05,0.0,0.0,-0.0,1.0}
GlobalTransform:{-0.994921,0.100096084,-0.0106433,1739.23975,-0.0910153,-0.849382,0.519871056,-2606.46,0.0429968089,0.518199265,0.854178488,2493.87158,0.0,0.0,0.0,1.0}
Parent:"mixamorig:LeftLeg"
<NODE-51>

<NODE-52>

Name:"mixamorig:LeftToeBase"
Transform:{0.973031342,-0.178752,0.145800382,3.6239624e-05,6.42464215e-07,0.63206768,0.774913192,1988.02759,-0.230673,-0.754015,0.615021765,1.14440918e-05,0.0,0.0,-0.0,1.0}
GlobalTransform:{-0.945551,0.324778944,0.0212553535,2521.85205,-0.0242097,-0.135308,0.990507841,2273.10278,0.324572086,0.936061203,0.135803059,3097.8999,0.0,0.0,0.0,1.0}
Parent:"mixamorig:LeftFoot"
<NODE-52>

<NODE-53>

Name:"mixamorig:LeftToeBase_end"
Transform:{1.0,0.0,-0.0,0.0,0.0,1.0,-0.0,756.385559,-0.0,-0.0,1.0,-0.0,0.0,0.0,-0.0,1.0}
GlobalTransform:{-0.945551,0.324778944,0.0212553535,2521.85205,-0.0242097,-0.135308,0.990507841,3029.48828,0.324572086,0.936061203,0.135803059,3097.8999,0.0,0.0,0.0,1.0}
Parent:"mixamorig:LeftToeBase"
<NODE-53>

<NODE-54>

Name:"mixamorig:RightUpLeg"
Transform:{-0.998776,-0.0472003,0.0147777796,-1380.99,0.0465017669,-0.997926,-0.0445004,-649.255,0.0168475732,-0.0437588,0.998900056,-16.1667,0.0,0.0,-0.0,1.0}
GlobalTransform:{-0.998771,-0.0473069,0.0147807812,-1802.74,0.0466080941,-0.997922,-0.0445008,-9574.73,0.0168552585,-0.0437572,0.998899996,-375.25,0.0,0.0,0.0,1.0}
Parent:"mixamorig:Hips"
<NODE-54>

<NODE-55>

Name:"mixamorig:RightLeg"
Transform:{0.994409502,-0.103106,0.0227784198,-0.000182629,0.105511606,0.97868526,-0.176189,3616.44019,-0.00412678,0.17760697,0.984092832,-0.0,0.0,0.0,-0.0,1.0}
GlobalTransform:{-0.997609,0.0548526756,0.0420398228,-814,-0.062737,-0.973933,-0.217988,-5878.3,0.0289867744,-0.220104,0.975045681,-2062.38,0.0,0.0,0.0,1.0}
Parent:"mixamorig:RightUpLeg"
<NODE-55>

<NODE-56>

Name:"mixamorig:RightFoot"
Transform:{0.987226009,0.159309357,-0.00231601,3.74317169e-05,-0.115143,0.723427474,0.680730999,2883.67114,0.110122278,-0.671769,0.732529819,2.60472298e-05,0.0,0.0,-0.0,1.0}
GlobalTransform:{-0.994927,-0.100495,0.0045171408,-1735.29,0.0892142653,-0.860717,0.501205027,-2679.05,-0.0464806,0.499065638,0.865316749,2348.46606,0.0,0.0,0.0,1.0}
Parent:"mixamorig:RightLeg"
<NODE-56>

<NODE-57>

Name:"mixamorig:RightToeBase"
Transform:{0.974357128,0.176429912,-0.139645,1.71661377e-05,-1.10406e-06,0.62062794,0.784105241,1965.90881,0.225007117,-0.763998,0.60471344,0.000106811523,0.0,0.0,-0.0,1.0}
GlobalTransform:{-0.947184,-0.319466,-0.0280082,-2491.41,0.0189243108,-0.142865,0.98956126,2144.65918,-0.320133,0.936766148,0.14136526,3076.48853,0.0,0.0,0.0,1.0}
Parent:"mixamorig:RightFoot"
<NODE-57>

<NODE-58>

Name:"mixamorig:RightToeBase_end"
Transform:{1.0,0.0,-0.0,0.0,0.0,1.0,-0.0,751.489197,-0.0,-0.0,1.0,-0.0,0.0,0.0,-0.0,1.0}
GlobalTransform:{-0.947184,-0.319466,-0.0280082,-2491.41,0.0189243108,-0.142865,0.98956126,2896.14844,-0.320133,0.936766148,0.14136526,3076.48853,0.0,0.0,0.0,1.0}
Parent:"mixamorig:RightToeBase"
<NODE-58>

<NODE-59>

Name:"elemental_element1mesh.002"
Transform:{99.9999771,0.0,-0.0,0.0,0.0,99.9999771,-0.0,0.0,-0.0,-0.0,99.9999771,-0.0,0.0,0.0,-0.0,1.0}
GlobalTransform:{99.9999771,0.0,0.0,0.0,0.0,99.9999771,0.0,0.0,0.0,0.0,99.9999771,0.0,0.0,0.0,0.0,1.0}
Parent:"RootNode"
<NODE-59>

<NODES>

<MESHS>

<MESH-0>

Name:"elemental_element1mesh.003"
NodeName:"elemental_element1mesh.002"
VertexNum:{4119.0}
Vertex:({150.500885,137.688324,-16.7252}|{-0.0643808,-0.721949,0.68894428}|{0.0613889992,0.129211009}|{0.689946055,-0.530993,-0.491956}|{1.0,1.0,1.0,1.0}|{16.0,17.0,18.0,0.0}|{0.0206576157,0.979173064,0.000169371167,0.0}|)
Vertex:({146.111221,138.803955,-15.1544}|{0.102104932,-0.828153,0.551122844}|{0.0377589986,0.121424019}|{0.742464781,-0.305276,-0.596282}|{1.0,1.0,1.0,1.0}|{16.0,17.0,0.0,0.0}|{0.85337007,0.14662993,0.0,0.0}|)
Vertex:({146.951569,140.395081,-13.7415}|{0.282643646,-0.403314,0.870316446}|{0.0343590006,0.132849991}|{0.801347136,-0.399402,-0.445332}|{1.0,1.0,1.0,1.0}|{16.0,17.0,0.0,0.0}|{0.855328381,0.144671649,0.0,0.0}|)
Vertex:({151.149796,139.108597,-15.5115}|{0.237852499,-0.355459,0.903922021}|{0.057209,0.137907982}|{0.72452575,-0.554889,-0.408852}|{1.0,1.0,1.0,1.0}|{16.0,17.0,18.0,0.0}|{0.0358835123,0.964080691,3.58307443e-05,0.0}|)
Vertex:({146.917389,143.054901,-13.3652}|{0.424348533,0.254481584,0.869003654}|{0.0282310005,0.144895017}|{0.871327221,-0.375915,-0.315399}|{1.0,1.0,1.0,1.0}|{16.0,17.0,0.0,0.0}|{0.936889589,0.063110359,0.0,0.0}|)
Vertex:({151.5448,141.464325,-15.2956}|{0.503652513,0.241372228,0.829502046}|{0.0525030009,0.147776008}|{0.789237916,-0.519044,-0.328171}|{1.0,1.0,1.0,1.0}|{16.0,17.0,18.0,0.0}|{0.0765520111,0.923440397,7.65397908e-06,0.0}|)
Vertex:({143.554535,140.837265,-12.2767}|{0.636323035,-0.357142,0.683770835}|{0.0157440007,0.127737999}|{0.646304786,-0.237114,-0.725305}|{1.0,1.0,1.0,1.0}|{16.0,17.0,0.0,0.0}|{0.978069305,0.0219308063,0.0,0.0}|)
Vertex:({142.399811,144.176941,-11.6236}|{0.714788914,0.413457453,0.564029992}|{0.00289299991,0.142000973}|{0.673652053,-0.190484,-0.714079}|{1.0,1.0,1.0,1.0}|{9.0,16.0,19.0,0.0}|{0.017805364,0.963465869,0.0187287647,0.0}|)
Vertex:({141.912933,138.590134,-13.5969}|{0.487620264,-0.847327,0.21039024}|{0.0163490009,0.111898005}|{0.429910868,0.0232982244,-0.902571}|{1.0,1.0,1.0,1.0}|{9.0,16.0,17.0,0.0}|{0.00423251651,0.989966094,0.00580140902,0.0}|)
Vertex:({146.429657,145.278351,-15.0114}|{0.377004981,0.864721298,0.331850022}|{0.0249170009,0.15852797}|{0.911351323,-0.282407,-0.299475}|{1.0,1.0,1.0,1.0}|{9.0,16.0,17.0,0.0}|{5.14534659e-05,0.936780095,0.0631683841,0.0}|)
Vertex:({151.403259,143.772415,-16.798}|{0.513219655,0.800142646,0.310447007}|{0.0495049991,0.159054995}|{0.850413918,-0.425305,-0.309696}|{1.0,1.0,1.0,1.0}|{16.0,17.0,18.0,0.0}|{0.231324047,0.76867336,2.56219732e-06,0.0}|)
Vertex:({145.139206,145.253906,-17.695}|{0.127665982,0.923318982,-0.362193}|{0.0237130001,0.173276007}|{0.893589139,-0.26553,-0.361929}|{1.0,1.0,1.0,1.0}|{9.0,16.0,17.0,0.0}|{3.75164564e-05,0.947827578,0.0521349274,0.0}|)
Vertex:({150.132782,143.963928,-19.7262}|{0.245991111,0.908904076,-0.336722}|{0.0490790009,0.172343016}|{0.857684195,-0.365942,-0.361198}|{1.0,1.0,1.0,1.0}|{16.0,17.0,18.0,0.0}|{0.286782116,0.713212967,4.92627396e-06,0.0}|)
Vertex:({142.269089,146.526566,-13.489}|{0.538239598,0.809869707,0.233258203}|{0.00146000006,0.157881975}|{0.821577668,-0.442488,-0.359464}|{1.0,1.0,1.0,1.0}|{9.0,16.0,0.0,0.0}|{0.00669978745,0.9933002,0.0,0.0}|)
Vertex:({140.931717,146.422821,-16.3948}|{0.430948317,0.851388514,-0.299033}|{0.000307999988,0.174718976}|{0.817599356,-0.50863,-0.269865}|{1.0,1.0,1.0,1.0}|{9.0,16.0,0.0,0.0}|{0.00448064925,0.99551934,0.0,0.0}|)
Vertex:({144.387024,143.62529,-19.7789}|{-0.112077,0.636921823,-0.762738}|{0.0266379993,0.186910987}|{0.870749176,-0.306884,-0.384211}|{1.0,1.0,1.0,1.0}|{9.0,16.0,17.0,0.0}|{1.38086361e-05,0.922215819,0.0777703598,0.0}|)
Vertex:({149.126495,142.603638,-21.7166}|{-0.0493125,0.664205492,-0.745922}|{0.0515820011,0.183597028}|{0.837809205,-0.379062,-0.392922}|{1.0,1.0,1.0,1.0}|{16.0,17.0,18.0,0.0}|{0.0766119808,0.923369765,1.82663771e-05,0.0}|)
Vertex:({144.523621,141.464264,-21.0082}|{-0.300129,0.186730415,-0.935444}|{0.0332869999,0.197731018}|{0.867825508,-0.353638,-0.349026}|{1.0,1.0,1.0,1.0}|{9.0,16.0,17.0,0.0}|{2.06178242e-06,0.853178024,0.146819904,0.0}|)
Vertex:({148.66629,140.508453,-22.491}|{-0.307614,0.185796633,-0.933195}|{0.0557999983,0.193772972}|{0.831650317,-0.424017,-0.358562}|{1.0,1.0,1.0,1.0}|{16.0,17.0,18.0,0.0}|{0.0343436636,0.965572715,8.36083636e-05,0.0}|)
Vertex:({141.633301,144.51413,-18.8827}|{0.348946422,0.666422188,-0.658876}|{0.0109799998,0.187893987}|{0.815070331,-0.562792,-0.13757}|{1.0,1.0,1.0,1.0}|{9.0,16.0,17.0,0.0}|{0.000291345495,0.983851016,0.0158576407,0.0}|)
Vertex:({142.072433,142.212158,-19.9652}|{0.233347818,0.293833226,-0.926936}|{0.0191169996,0.198732018}|{0.848574877,-0.527023,0.0465579741}|{1.0,1.0,1.0,1.0}|{9.0,16.0,17.0,0.0}|{3.14014324e-05,0.965804636,0.0341639817,0.0}|)
Vertex:({144.878891,139.800247,-21.0745}|{-0.309896,-0.204812,-0.928449}|{0.0380310006,0.205025017}|{0.909166217,-0.349545,-0.226351}|{1.0,1.0,1.0,1.0}|{9.0,16.0,17.0,0.0}|{2.43780164e-06,0.734683275,0.265314281,0.0}|)
Vertex:({148.891617,138.801437,-22.0728}|{-0.482205,-0.293818,-0.825317}|{0.0605949983,0.201807022}|{0.822764993,-0.475455,-0.311449}|{1.0,1.0,1.0,1.0}|{16.0,17.0,18.0,0.0}|{0.0115254633,0.988143444,0.000331087504,0.0}|)
Vertex:({145.091446,138.86673,-20.4954}|{-0.304408,-0.654756,-0.691831}|{0.0400030017,0.210575998}|{0.944178402,-0.30344,-0.128264}|{1.0,1.0,1.0,1.0}|{9.0,16.0,17.0,18.0}|{2.39242536e-06,0.650283635,0.349708676,5.31448723e-06}|)
Vertex:({149.237717,137.737518,-21.4475}|{-0.583654,-0.610501,-0.535384}|{0.0640949979,0.207855999}|{0.804718554,-0.522996,-0.280897}|{1.0,1.0,1.0,1.0}|{16.0,17.0,18.0,0.0}|{0.0076373918,0.991670012,0.000692634203,0.0}|)
Vertex:({141.994141,140.76738,-19.9918}|{0.157263413,-0.0797604,-0.98433}|{0.0214189999,0.205862999}|{0.922194898,-0.344728,0.175269499}|{1.0,1.0,1.0,1.0}|{9.0,16.0,17.0,0.0}|{6.2602463e-05,0.965959191,0.033978194,0.0}|)
Vertex:({141.149139,139.823059,-20.2087}|{0.401736498,-0.644637,-0.650423}|{0.0188669991,0.211768985}|{0.89936775,0.143971175,0.412807524}|{1.0,1.0,1.0,1.0}|{9.0,16.0,17.0,0.0}|{0.00055117032,0.981909275,0.0175395235,0.0}|)
Vertex:({145.422073,138.214355,-19.4595}|{-0.282417,-0.902359,-0.32556}|{0.0421970002,0.216908991}|{0.959251165,-0.268769,-0.0871801}|{1.0,1.0,1.0,1.0}|{16.0,17.0,0.0,0.0}|{0.748916209,0.251083821,0.0,0.0}|)
Vertex:({149.4785,137.051453,-20.5691}|{-0.556221,-0.807577,-0.196053}|{0.0657280013,0.213931024}|{0.825213194,-0.508861,-0.24512}|{1.0,1.0,1.0,1.0}|{16.0,17.0,18.0,0.0}|{0.00657232618,0.992720366,0.000707279833,0.0}|)
Vertex:({145.690613,137.948883,-18.1854}|{-0.212214,-0.976342,-0.0415011}|{0.043308001,0.223701}|{0.926546812,-0.187529,-0.326104}|{1.0,1.0,1.0,1.0}|{16.0,17.0,18.0,0.0}|{0.777634978,0.222360492,4.52489485e-06,0.0}|)
Vertex:({149.759033,136.732574,-19.4304}|{-0.457929,-0.882122,0.110284746}|{0.066143997,0.220459998}|{0.810873091,-0.465315,-0.354919}|{1.0,1.0,1.0,1.0}|{16.0,17.0,18.0,0.0}|{0.00929221511,0.989981532,0.000726285973,0.0}|)
Vertex:({141.709351,138.940811,-18.8679}|{0.0695990101,-0.926744,-0.369191}|{0.0225269999,0.219408989}|{0.996101618,0.0444540605,0.0761938989}|{1.0,1.0,1.0,1.0}|{9.0,16.0,17.0,0.0}|{0.000333250413,0.979137897,0.0205288585,0.0}|)
Vertex:({141.97052,138.482498,-17.3962}|{0.0837717578,-0.982668,-0.165366}|{0.0240620002,0.227177024}|{0.969265878,0.118875377,-0.215389}|{1.0,1.0,1.0,1.0}|{9.0,16.0,17.0,0.0}|{0.00031004168,0.981260419,0.0184294507,0.0}|)
Vertex:({141.149139,139.823059,-20.2087}|{0.401736498,-0.644637,-0.650423}|{0.0188669991,0.211768985}|{0.896125317,0.130464107,0.424191833}|{1.0,1.0,1.0,1.0}|{9.0,16.0,17.0,0.0}|{0.00055117032,0.981909275,0.0175395235,0.0}|)
Vertex:({149.759033,136.732574,-19.4304}|{-0.457929,-0.882122,0.110284746}|{0.0683280006,0.115777016}|{0.810873091,-0.465315,-0.354919}|{1.0,1.0,1.0,1.0}|{16.0,17.0,18.0,0.0}|{0.00929221511,0.989981532,0.000726285973,0.0}|)
Vertex:({145.690613,137.948883,-18.1854}|{-0.212214,-0.976342,-0.0415011}|{0.0471079983,0.107518017}|{0.926546812,-0.187529,-0.326104}|{1.0,1.0,1.0,1.0}|{16.0,17.0,18.0,0.0}|{0.777634978,0.222360492,4.52489485e-06,0.0}|)
Vertex:({145.840454,138.077133,-16.7448}|{-0.0773656,-0.97189,0.222360149}|{0.0427989997,0.113686025}|{0.748295069,-0.203985,-0.631225}|{1.0,1.0,1.0,1.0}|{16.0,17.0,0.0,0.0}|{0.827387512,0.172612488,0.0,0.0}|)
Vertex:({150.087128,137.004974,-18.1697}|{-0.296849,-0.864223,0.406200349}|{0.0654169992,0.121873021}|{0.687052965,-0.488719,-0.537692}|{1.0,1.0,1.0,1.0}|{16.0,17.0,18.0,0.0}|{0.0159360636,0.983425736,0.00063812756,0.0}|)
Vertex:({141.906693,138.321701,-15.7241}|{0.221848562,-0.974706,0.0270567313}|{0.0239550006,0.103962004}|{0.714778781,0.143688768,-0.68443}|{1.0,1.0,1.0,1.0}|{9.0,16.0,17.0,0.0}|{1.84485416e-05,0.987862706,0.0121187679,0.0}|)
Vertex:({141.97052,138.482498,-17.3962}|{0.0837717578,-0.982668,-0.165366}|{0.0298960004,0.0977180004}|{0.969265878,0.118875377,-0.215389}|{1.0,1.0,1.0,1.0}|{9.0,16.0,17.0,0.0}|{0.00031004168,0.981260419,0.0184294507,0.0}|)
Vertex:({152.20578,136.657639,-24.4082}|{-0.624533,-0.00636866,-0.780972}|{0.0845680013,0.196267009}|{0.557035327,-0.704534,-0.439708}|{1.0,1.0,1.0,1.0}|{16.0,17.0,18.0,0.0}|{4.30220389e-05,0.923127294,0.0768297091,0.0}|)
Vertex:({152.700378,138.591385,-24.4073}|{-0.241192,0.335292578,-0.910717}|{0.0790989995,0.18830502}|{0.653244853,-0.637906,-0.407857}|{1.0,1.0,1.0,1.0}|{16.0,17.0,18.0,0.0}|{5.42205817e-05,0.985650361,0.014295415,0.0}|)
Vertex:({154.541397,134.101074,-26.8787}|{-0.356212,0.142191887,-0.923523}|{0.103789002,0.190887988}|{0.392532885,-0.874143,-0.285993}|{1.0,1.0,1.0,1.0}|{17.0,18.0,0.0,0.0}|{0.081001088,0.918998897,0.0,0.0}|)
Vertex:({155.818817,135.788086,-26.321}|{0.113374807,0.383170813,-0.916693}|{0.0987199992,0.183311999}|{0.399439156,-0.862373,-0.311064}|{1.0,1.0,1.0,1.0}|{17.0,18.0,0.0,0.0}|{0.162905067,0.837094903,0.0,0.0}|)
Vertex:({152.028946,135.008301,-23.5962}|{-0.858719,-0.313642,-0.405254}|{0.0888940021,0.20501399}|{0.481743664,-0.763709,-0.429734}|{1.0,1.0,1.0,1.0}|{16.0,17.0,18.0,0.0}|{3.63327272e-05,0.863904715,0.136058956,0.0}|)
Vertex:({153.345581,132.203552,-25.8677}|{-0.814231,-0.163864,-0.556935}|{0.108047999,0.200830996}|{0.377876431,-0.877885,-0.294154}|{1.0,1.0,1.0,1.0}|{17.0,18.0,0.0,0.0}|{0.0765525103,0.92344749,0.0,0.0}|)
Vertex:({154.158127,129.907562,-21.6964}|{-0.699065,-0.544815,0.463124663}|{0.113200001,0.121913016}|{0.312468141,-0.815314,-0.48747}|{1.0,1.0,1.0,1.0}|{17.0,18.0,0.0,0.0}|{0.035883829,0.964116156,0.0,0.0}|)
Vertex:({156.392502,130.067108,-20.0189}|{-0.139102,-0.589285,0.795860529}|{0.110927999,0.135104001}|{0.253003508,-0.79815,-0.54676}|{1.0,1.0,1.0,1.0}|{17.0,18.0,0.0,0.0}|{0.0294414908,0.970558584,0.0,0.0}|)
Vertex:({157.490662,127.682289,-22.4981}|{0.177799553,-0.837926,0.516010344}|{0.128388003,0.137530029}|{0.138401926,-0.497861,-0.856142}|{1.0,1.0,1.0,1.0}|{17.0,18.0,0.0,0.0}|{0.00254371413,0.997456253,0.0,0.0}|)
Vertex:({155.741592,127.36853,-23.4733}|{-0.402184,-0.870241,0.28447938}|{0.131026,0.127050996}|{0.503893018,-0.469817,-0.72482}|{1.0,1.0,1.0,1.0}|{17.0,18.0,0.0,0.0}|{0.00224951864,0.997750521,0.0,0.0}|)
Vertex:({155.741592,127.36853,-23.4733}|{-0.402184,-0.870241,0.28447938}|{0.425680012,0.376770973}|{-0.313151,0.422727644,0.850434065}|{1.0,1.0,1.0,1.0}|{17.0,18.0,0.0,0.0}|{0.00224951864,0.997750521,0.0,0.0}|)
Vertex:({157.490662,127.682289,-22.4981}|{0.177799553,-0.837926,0.516010344}|{0.425680012,0.36600697}|{-0.535075,0.357756674,0.765313745}|{1.0,1.0,1.0,1.0}|{17.0,18.0,0.0,0.0}|{0.00254371413,0.997456253,0.0,0.0}|)
Vertex:({157.739243,127.480545,-23.994}|{0.508006811,-0.860061,-0.0471613}|{0.419268012,0.369418025}|{-0.447985,-0.31058,0.838361144}|{1.0,1.0,1.0,1.0}|{17.0,18.0,0.0,0.0}|{0.00136937492,0.998630583,0.0,0.0}|)
Vertex:({156.792969,127.095871,-24.4223}|{0.136189744,-0.987143,-0.0836779}|{0.419319987,0.373989999}|{-0.38299,-0.130359,0.914507985}|{1.0,1.0,1.0,1.0}|{17.0,18.0,0.0,0.0}|{0.00131113781,0.998688877,0.0,0.0}|)
Vertex:({158.441986,128.437073,-22.3946}|{0.704429328,-0.58048,0.408439547}|{0.422150999,0.360427022}|{-0.589127,-0.157235,0.792594552}|{1.0,1.0,1.0,1.0}|{17.0,18.0,0.0,0.0}|{0.00375817018,0.996241808,0.0,0.0}|)
Vertex:({158.193878,127.833916,-23.5058}|{0.721039832,-0.690859,0.0530618541}|{0.419660985,0.366124988}|{-0.505205,-0.471773,0.722632706}|{1.0,1.0,1.0,1.0}|{17.0,18.0,0.0,0.0}|{0.00186956697,0.9981305,0.0,0.0}|)
Vertex:({157.976776,131.490952,-19.766}|{0.42591387,-0.410015,0.806526482}|{0.106778003,0.143018007}|{0.250849396,-0.802962,-0.540673}|{1.0,1.0,1.0,1.0}|{17.0,18.0,0.0,0.0}|{0.0522606224,0.947739363,0.0,0.0}|)
Vertex:({158.441986,128.437073,-22.3946}|{0.704429328,-0.58048,0.408439547}|{0.125942007,0.143670976}|{-0.087725,-0.642242,-0.761465}|{1.0,1.0,1.0,1.0}|{17.0,18.0,0.0,0.0}|{0.00375817018,0.996241808,0.0,0.0}|)
Vertex:({155.48645,140.66684,-19.0752}|{0.722459674,0.652783453,0.227872014}|{0.0716049969,0.159812987}|{0.68397367,-0.62654,-0.373668}|{1.0,1.0,1.0,1.0}|{16.0,17.0,18.0,0.0}|{0.000275067112,0.998735189,0.000989675638,0.0}|)
Vertex:({155.800064,138.915512,-17.547}|{0.666128099,0.235951409,0.707531214}|{0.0747850016,0.151091993}|{0.636471391,-0.674373,-0.374333}|{1.0,1.0,1.0,1.0}|{16.0,17.0,18.0,0.0}|{0.000138349918,0.997585058,0.0022765859,0.0}|)
Vertex:({158.799484,136.637665,-21.2615}|{0.919679642,0.382120043,0.0904086381}|{0.0927629992,0.160071015}|{0.382294804,-0.818749,-0.42837}|{1.0,1.0,1.0,1.0}|{17.0,18.0,0.0,0.0}|{0.407968849,0.592031121,0.0,0.0}|)
Vertex:({158.75354,135.065826,-19.9949}|{0.877493978,0.0973429754,0.469604999}|{0.0956579968,0.153162003}|{0.340340614,-0.81628,-0.466749}|{1.0,1.0,1.0,1.0}|{17.0,18.0,0.0,0.0}|{0.293199986,0.706799984,0.0,0.0}|)
Vertex:({154.672577,141.278763,-21.3452}|{0.526309252,0.7985937,-0.29197}|{0.0713739991,0.169669986}|{0.690786541,-0.601799,-0.400814}|{1.0,1.0,1.0,1.0}|{16.0,17.0,18.0,0.0}|{0.000283730682,0.998905659,0.000810631085,0.0}|)
Vertex:({158.147003,137.339249,-23.1119}|{0.798963249,0.525328279,-0.292725}|{0.0922920033,0.167662978}|{0.39448756,-0.825215,-0.404228}|{1.0,1.0,1.0,1.0}|{16.0,17.0,18.0,0.0}|{4.58237963e-08,0.48821789,0.51178205,0.0}|)
Vertex:({152.40303,134.170288,-22.2986}|{-0.863271,-0.504573,0.0129835578}|{0.090636,0.213505983}|{0.460915864,-0.798541,-0.387156}|{1.0,1.0,1.0,1.0}|{16.0,17.0,18.0,0.0}|{4.86921963e-05,0.808415532,0.191535711,0.0}|)
Vertex:({153.261993,130.704803,-23.9229}|{-0.920105,-0.39156,-0.00940192}|{0.111419,0.212167025}|{0.374596506,-0.872724,-0.313096}|{1.0,1.0,1.0,1.0}|{17.0,18.0,0.0,0.0}|{0.0408953801,0.959104657,0.0,0.0}|)
Vertex:({153.083588,133.834137,-20.8929}|{-0.729481,-0.587386,0.350479752}|{0.0909470022,0.222184002}|{0.452377766,-0.798637,-0.396905}|{1.0,1.0,1.0,1.0}|{16.0,17.0,18.0,0.0}|{5.80653978e-05,0.812005818,0.187936142,0.0}|)
Vertex:({154.158127,129.907562,-21.6964}|{-0.699065,-0.544815,0.463124663}|{0.112961002,0.225169003}|{0.312468141,-0.815314,-0.48747}|{1.0,1.0,1.0,1.0}|{17.0,18.0,0.0,0.0}|{0.035883829,0.964116156,0.0,0.0}|)
Vertex:({155.524185,136.833008,-17.3409}|{0.37746802,-0.214141,0.900922537}|{0.0798899978,0.144209981}|{0.565531909,-0.717082,-0.40739}|{1.0,1.0,1.0,1.0}|{16.0,17.0,18.0,0.0}|{7.48104649e-05,0.993979812,0.00594533887,0.0}|)
Vertex:({154.791687,134.992462,-18.0069}|{-0.00968812,-0.491654,0.870736957}|{0.0855349973,0.137061}|{0.52935195,-0.741278,-0.412666}|{1.0,1.0,1.0,1.0}|{16.0,17.0,18.0,0.0}|{8.42762165e-05,0.952048898,0.0478668399,0.0}|)
Vertex:({158.386475,133.305878,-19.683}|{0.679529786,-0.191126,0.708314955}|{0.100620002,0.147875011}|{0.294793874,-0.812966,-0.502178}|{1.0,1.0,1.0,1.0}|{17.0,18.0,0.0,0.0}|{0.148509607,0.851490378,0.0,0.0}|)
Vertex:({153.678925,140.485275,-23.4382}|{0.19456774,0.675234556,-0.711479}|{0.0743710026,0.179157972}|{0.679927111,-0.615646,-0.398345}|{1.0,1.0,1.0,1.0}|{16.0,17.0,18.0,0.0}|{0.000195055691,0.997334242,0.00247070892,0.0}|)
Vertex:({157.219208,137.0186,-24.989}|{0.539292157,0.515473962,-0.665921}|{0.0946760029,0.175278008}|{0.388020873,-0.853927,-0.346769}|{1.0,1.0,1.0,1.0}|{16.0,17.0,18.0,0.0}|{7.59426726e-08,0.346056908,0.653943002,0.0}|)
Vertex:({153.875092,133.936386,-19.2685}|{-0.426798,-0.603293,0.673706591}|{0.0899130031,0.129124999}|{0.484615982,-0.781546,-0.392853}|{1.0,1.0,1.0,1.0}|{16.0,17.0,18.0,0.0}|{6.23930537e-05,0.900781751,0.0991558731,0.0}|)
