<MODEL>

<HEADER>

Name:"Player"
CanAnimation:true
IsAnime:false
GlobalInverseTransform:{1.0,-0.0,0.0,-0.0,-0.0,1.0,-0.0,0.0,0.0,-0.0,1.0,-0.0,-0.0,0.0,-0.0,1.0}
NodeNun:{78.0}
MeshNum:{2.0}
<HEADER>

<NODES>

<NODE-0>

Name:"RootNode"
Transform:{1.0,-0.0,0.0,-0.0,-0.0,1.0,-0.0,0.0,0.0,-0.0,1.0,-0.0,-0.0,0.0,-0.0,1.0}
GlobalTransform:{1.0,-0.0,0.0,-0.0,-0.0,1.0,-0.0,0.0,0.0,-0.0,1.0,-0.0,-0.0,0.0,-0.0,1.0}
Parent:""
<NODE-0>

<NODE-1>

Name:"Sketchfab_model"
Transform:{100.0,0.0,-0.0,0.0,0.0,-100,3.89414417e-05,0.0,-0.0,-3.89414e-05,-100,-0.0,0.0,0.0,-0.0,1.0}
GlobalTransform:{100.0,0.0,0.0,0.0,0.0,-100,3.89414417e-05,0.0,0.0,-3.89414e-05,-100,0.0,0.0,0.0,0.0,1.0}
Parent:"RootNode"
<NODE-1>

<NODE-2>

Name:"root"
Transform:{1.0,0.0,-0.0,0.0,0.0,1.0,-0.0,0.0,-0.0,-0.0,1.0,-0.0,0.0,0.0,-0.0,1.0}
GlobalTransform:{100.0,0.0,0.0,0.0,0.0,-100,3.89414417e-05,0.0,0.0,-3.89414e-05,-100,0.0,0.0,0.0,0.0,1.0}
Parent:"Sketchfab_model"
<NODE-2>

<NODE-3>

Name:"GLTF_SceneRootNode"
Transform:{1.0,0.0,-0.0,0.0,0.0,-1.62921e-07,1.0,0.0,-0.0,-1.0,-1.62921e-07,-0.0,0.0,0.0,-0.0,1.0}
GlobalTransform:{100.0,0.0,0.0,0.0,0.0,-2.26494e-05,-100,0.0,0.0,100.000015,-2.26494e-05,0.0,0.0,0.0,0.0,1.0}
Parent:"root"
<NODE-3>

<NODE-4>

Name:"AuxScene_76"
Transform:{1.0,0.0,-0.0,0.0,0.0,1.0,-0.0,0.0,-0.0,-0.0,1.0,-0.0,0.0,0.0,-0.0,1.0}
GlobalTransform:{100.0,0.0,0.0,0.0,0.0,-2.26494e-05,-100,0.0,0.0,100.000015,-2.26494e-05,0.0,0.0,0.0,0.0,1.0}
Parent:"GLTF_SceneRootNode"
<NODE-4>

<NODE-5>

Name:"AuxScene_1_75"
Transform:{1.0,0.0,-0.0,0.0,0.0,1.0,-0.0,0.0,-0.0,-0.0,1.0,-0.0,0.0,0.0,-0.0,1.0}
GlobalTransform:{100.0,0.0,0.0,0.0,0.0,-2.26494e-05,-100,0.0,0.0,100.000015,-2.26494e-05,0.0,0.0,0.0,0.0,1.0}
Parent:"AuxScene_76"
<NODE-5>

<NODE-6>

Name:"Scene_74"
Transform:{1.0,0.0,-0.0,0.0,0.0,1.0,-0.0,0.0,-0.0,-0.0,1.0,-0.0,0.0,0.0,-0.0,1.0}
GlobalTransform:{100.0,0.0,0.0,0.0,0.0,-2.26494e-05,-100,0.0,0.0,100.000015,-2.26494e-05,0.0,0.0,0.0,0.0,1.0}
Parent:"AuxScene_1_75"
<NODE-6>

<NODE-7>

Name:"Armature_73"
Transform:{0.00999999978,0.0,-0.0,0.0,0.0,-1.62921e-09,0.0100000007,0.0,-0.0,-0.01,-1.62921e-09,-0.0,0.0,0.0,-0.0,1.0}
GlobalTransform:{1.0,0.0,0.0,0.0,0.0,1.00000024,-6.3573e-08,0.0,0.0,6.35729975e-08,1.00000024,0.0,0.0,0.0,0.0,1.0}
Parent:"Scene_74"
<NODE-7>

<NODE-8>

Name:"Paladin_J_Nordstrom_0_correction"
Transform:{100.0,0.0,-0.0,0.0,0.0,-1.62921e-05,-100.0,0.0,-0.0,100.0,-1.62921e-05,-0.0,0.0,0.0,-0.0,1.0}
GlobalTransform:{100.0,0.0,0.0,0.0,0.0,-1.62921e-05,-100.0,0.0,0.0,100.0,-1.62921e-05,0.0,0.0,0.0,0.0,1.0}
Parent:"RootNode"
<NODE-8>

<NODE-9>

Name:"Paladin_J_Nordstrom_0"
Transform:{1.0,0.0,-0.0,0.0,0.0,1.0,-0.0,0.0,-0.0,-0.0,1.0,-0.0,0.0,0.0,-0.0,1.0}
GlobalTransform:{100.0,0.0,0.0,0.0,0.0,-1.62921e-05,-100.0,0.0,0.0,100.0,-1.62921e-05,0.0,0.0,0.0,0.0,1.0}
Parent:"Paladin_J_Nordstrom_0_correction"
<NODE-9>

<NODE-10>

Name:"Paladin_J_Nordstrom_Helmet_1_correction"
Transform:{100.0,0.0,-0.0,0.0,0.0,-1.62921e-05,-100.0,0.0,-0.0,100.0,-1.62921e-05,-0.0,0.0,0.0,-0.0,1.0}
GlobalTransform:{100.0,0.0,0.0,0.0,0.0,-1.62921e-05,-100.0,0.0,0.0,100.0,-1.62921e-05,0.0,0.0,0.0,0.0,1.0}
Parent:"RootNode"
<NODE-10>

<NODE-11>

Name:"Paladin_J_Nordstrom_Helmet_1"
Transform:{1.0,0.0,-0.0,0.0,0.0,1.0,-0.0,0.0,-0.0,-0.0,1.0,-0.0,0.0,0.0,-0.0,1.0}
GlobalTransform:{100.0,0.0,0.0,0.0,0.0,-1.62921e-05,-100.0,0.0,0.0,100.0,-1.62921e-05,0.0,0.0,0.0,0.0,1.0}
Parent:"Paladin_J_Nordstrom_Helmet_1_correction"
<NODE-11>

<NODE-12>

Name:"Paladin_J_Nordstrom_Shield_2_correction"
Transform:{100.0,0.0,-0.0,0.0,0.0,-1.62921e-05,-100.0,0.0,-0.0,100.0,-1.62921e-05,-0.0,0.0,0.0,-0.0,1.0}
GlobalTransform:{100.0,0.0,0.0,0.0,0.0,-1.62921e-05,-100.0,0.0,0.0,100.0,-1.62921e-05,0.0,0.0,0.0,0.0,1.0}
Parent:"RootNode"
<NODE-12>

<NODE-13>

Name:"Paladin_J_Nordstrom_Shield_2"
Transform:{1.0,0.0,-0.0,0.0,0.0,1.0,-0.0,0.0,-0.0,-0.0,1.0,-0.0,0.0,0.0,-0.0,1.0}
GlobalTransform:{100.0,0.0,0.0,0.0,0.0,-1.62921e-05,-100.0,0.0,0.0,100.0,-1.62921e-05,0.0,0.0,0.0,0.0,1.0}
Parent:"Paladin_J_Nordstrom_Shield_2_correction"
<NODE-13>

<NODE-14>

Name:"Paladin_J_Nordstrom_Sword_3_correction"
Transform:{100.0,0.0,-0.0,0.0,0.0,-1.62921e-05,-100.0,0.0,-0.0,100.0,-1.62921e-05,-0.0,0.0,0.0,-0.0,1.0}
GlobalTransform:{100.0,0.0,0.0,0.0,0.0,-1.62921e-05,-100.0,0.0,0.0,100.0,-1.62921e-05,0.0,0.0,0.0,0.0,1.0}
Parent:"RootNode"
<NODE-14>

<NODE-15>

Name:"Paladin_J_Nordstrom_Sword_3"
Transform:{1.0,0.0,-0.0,0.0,0.0,1.0,-0.0,0.0,-0.0,-0.0,1.0,-0.0,0.0,0.0,-0.0,1.0}
GlobalTransform:{100.0,0.0,0.0,0.0,0.0,-1.62921e-05,-100.0,0.0,0.0,100.0,-1.62921e-05,0.0,0.0,0.0,0.0,1.0}
Parent:"Paladin_J_Nordstrom_Sword_3_correction"
<NODE-15>

<NODE-16>

Name:"Armature"
Transform:{1.0,0.0,-0.0,0.0,0.0,1.0,-0.0,0.0,-0.0,-0.0,1.0,-0.0,0.0,0.0,-0.0,1.0}
GlobalTransform:{1.0,0.0,0.0,0.0,0.0,1.0,0.0,0.0,0.0,0.0,1.0,0.0,0.0,0.0,0.0,1.0}
Parent:"RootNode"
<NODE-16>

<NODE-17>

Name:"mixamorig:Hips"
Transform:{1.0,-1.06535e-05,2.78739833e-07,-0.00358772,1.06534917e-05,1.0,1.46086578e-07,9743.98145,-2.78741e-07,-1.46084e-07,1.0,-126.012,0.0,0.0,-0.0,1.0}
GlobalTransform:{1.0,-1.06535e-05,2.78739833e-07,-0.00358772,1.06534917e-05,1.0,1.46086578e-07,9743.98145,-2.78741e-07,-1.46084e-07,1.0,-126.012,0.0,0.0,0.0,1.0}
Parent:"Armature"
<NODE-17>

<NODE-18>

Name:"mixamorig:Spine"
Transform:{1.0,1.05282143e-05,-1.65264e-06,4.17890078e-09,-1.06535e-05,0.991621017,-0.129181,1064.18359,2.78747621e-07,0.129180968,0.991621017,138.633728,0.0,0.0,-0.0,1.0}
GlobalTransform:{1.0,-1.25277e-07,-1.3739e-06,0.0992072597,-5.32537e-08,0.991621017,-0.129181,10742.7988,1.37857012e-06,0.129180819,0.991621017,1272.41431,0.0,0.0,0.0,1.0}
Parent:"mixamorig:Hips"
<NODE-18>

<NODE-19>

Name:"mixamorig:Spine1"
Transform:{1.0,0.0,-0.0,1.00124942e-09,0.0,1.0,-0.0,1252.03674,-0.0,-0.0,1.0,-7.62939e-05,0.0,0.0,-0.0,1.0}
GlobalTransform:{1.0,-1.25277e-07,-1.3739e-06,0.0992072597,-5.32537e-08,0.991621017,-0.129181,11994.8359,1.37857012e-06,0.129180819,0.991621017,1272.41418,0.0,0.0,0.0,1.0}
Parent:"mixamorig:Spine"
<NODE-19>

<NODE-20>

Name:"mixamorig:Spine2"
Transform:{1.0,0.0,-0.0,-1.2142e-09,0.0,1.0,-0.0,1430.90051,-0.0,-0.0,1.0,-9.15527e-05,0.0,0.0,-0.0,1.0}
GlobalTransform:{1.0,-1.25277e-07,-1.3739e-06,0.0992072597,-5.32537e-08,0.991621017,-0.129181,13425.7363,1.37857012e-06,0.129180819,0.991621017,1272.41406,0.0,0.0,0.0,1.0}
Parent:"mixamorig:Spine1"
<NODE-20>

<NODE-21>

Name:"mixamorig:Neck"
Transform:{1.0,0.0,-0.0,3.57708849e-08,0.0,0.991621077,0.129180819,1609.76282,-0.0,-0.129181,0.991621077,-0.00012207,0.0,0.0,-0.0,1.0}
GlobalTransform:{1.0,-1.25277e-07,-1.3739e-06,0.099207297,1.25277325e-07,1.0,-7.69978e-09,15087.377,1.3738985e-06,7.69977682e-09,1.0,-472.595,0.0,0.0,0.0,1.0}
Parent:"mixamorig:Spine2"
<NODE-21>

<NODE-22>

Name:"mixamorig:Head"
Transform:{1.0,0.0,-0.0,-6.00038e-10,0.0,1.0,-0.0,210.841797,-0.0,-0.0,1.0,-47.5288,0.0,0.0,-0.0,1.0}
GlobalTransform:{1.0,-1.25277e-07,-1.3739e-06,0.099207297,1.25277325e-07,1.0,-7.69978e-09,15298.2188,1.3738985e-06,7.69977682e-09,1.0,-520.124,0.0,0.0,0.0,1.0}
Parent:"mixamorig:Neck"
<NODE-22>

<NODE-23>

Name:"mixamorig:Head_end"
Transform:{1.0,0.0,-0.0,0.0,0.0,1.0,-0.0,2142.21973,-0.0,-0.0,1.0,-0.0,0.0,0.0,-0.0,1.0}
GlobalTransform:{1.0,-1.25277e-07,-1.3739e-06,0.099207297,1.25277325e-07,1.0,-7.69978e-09,17440.4375,1.3738985e-06,7.69977682e-09,1.0,-520.124,0.0,0.0,0.0,1.0}
Parent:"mixamorig:Head"
<NODE-23>

<NODE-24>

Name:"mixamorig:LeftShoulder"
Transform:{-0.038078,0.961821854,0.271014482,632.854004,1.84436121e-05,-0.27121,0.962520063,1431.61121,0.99927479,0.0366558023,0.0103094019,24.0836792,0.0,0.0,-0.0,1.0}
GlobalTransform:{-0.0380776,0.988772631,0.144494772,13890.8594,1.97849567e-05,-0.144599,0.98949033,-984.865,0.99927479,0.0376803167,0.00548642036,529.431763,0.0,0.0,0.0,1.0}
Parent:"mixamorig:Spine2"
<NODE-24>

<NODE-25>

Name:"mixamorig:LeftArm"
Transform:{0.99894923,-0.0380789,0.0255046375,-0.000259399,0.043561928,0.961821139,-0.27019,1322.44116,-0.0142424,0.271016955,0.96246922,0.000717163086,0.0,0.0,-0.0,1.0}
GlobalTransform:{-0.0125522,0.994200826,0.1068042,13927.2686,-0.271634,-0.106186,0.956524789,837.242859,0.962318897,-0.0170051,0.271391213,44.8085976,0.0,0.0,0.0,1.0}
Parent:"mixamorig:LeftShoulder"
<NODE-25>

<NODE-26>

Name:"mixamorig:LeftForeArm"
Transform:{0.999999881,-5.47156e-07,0.000543356175,0.000311256386,5.46615297e-07,1.0,9.94923425e-07,2499.95581,-0.000543356,-9.94626e-07,0.999999881,0.000175797846,0.0,0.0,-0.0,1.0}
GlobalTransform:{-0.0120292,0.994191527,0.106951125,13927.291,-0.271633,-0.106186,0.956525147,3337.2063,0.962325871,-0.0175452,0.271332204,37.2404671,0.0,0.0,0.0,1.0}
Parent:"mixamorig:LeftArm"
<NODE-26>

<NODE-27>

Name:"mixamorig:LeftHand"
Transform:{0.982740581,0.0139903845,-0.184459,-0.000229171,-0.0151226,0.999874413,-0.00473256,2355.7334,0.184369817,0.00744038587,0.982828736,-0.000239631,0.0,0.0,-0.0,1.0}
GlobalTransform:{-0.193132,0.978783131,0.0684376508,13726.7334,-0.275971,-0.121124,0.953503549,5481.72754,0.941562653,0.165264949,0.293508559,2629.20288,0.0,0.0,0.0,1.0}
Parent:"mixamorig:LeftForeArm"
<NODE-27>

<NODE-28>

Name:"mixamorig:LeftHandThumb1"
Transform:{0.876182914,-0.389375,-0.284061,-199.985,0.471487492,0.814731061,0.337509751,191.072449,0.100015052,-0.429651,0.897439003,-154.875,0.0,0.0,-0.0,1.0}
GlobalTransform:{-0.329223,0.857810497,-0.394681,8945.8418,0.00188534055,0.418578953,0.908178449,12016.5713,0.944250226,0.298249394,-0.139423,1222.32251,0.0,0.0,0.0,1.0}
Parent:"mixamorig:LeftHand"
<NODE-28>

<NODE-29>

Name:"mixamorig:LeftHandThumb2"
Transform:{0.999651134,0.019552609,0.0177582707,-24.4482,-0.0195862,0.999806702,0.00171816838,252.419983,-0.0177212,-0.00206539,0.999840796,-0.000480652,0.0,0.0,-0.0,1.0}
GlobalTransform:{-0.312303,0.870991945,-0.379262,9174.93457,0.00995558128,0.402209252,0.915493608,12093.5537,0.949930251,0.282135904,-0.134283,1038.7771,0.0,0.0,0.0,1.0}
Parent:"mixamorig:LeftHandThumb1"
<NODE-29>

<NODE-30>

Name:"mixamorig:LeftHandThumb3"
Transform:{0.924367309,-0.380649,0.0255217273,-34.9555,0.380701154,0.924693346,0.00297730416,299.666107,-0.0247331,0.00696402928,0.99966985,-0.000133514,0.0,0.0,-0.0,1.0}
GlobalTransform:{-0.268229,0.659216464,-0.702486,3869.16528,-0.10686,0.704347849,0.701765597,14978.4961,0.957410157,0.263301432,-0.118482,895.729492,0.0,0.0,0.0,1.0}
Parent:"mixamorig:LeftHandThumb2"
<NODE-30>

<NODE-31>

Name:"mixamorig:LeftHandThumb3_end"
Transform:{1.0,0.0,-0.0,0.0,0.0,1.0,-0.0,219.166855,-0.0,-0.0,1.0,-0.0,0.0,0.0,-0.0,1.0}
GlobalTransform:{-0.268229,0.659216464,-0.702486,3869.16528,-0.10686,0.704347849,0.701765597,15197.6631,0.957410157,0.263301432,-0.118482,895.729492,0.0,0.0,0.0,1.0}
Parent:"mixamorig:LeftHandThumb3"
<NODE-31>

<NODE-32>

Name:"mixamorig:LeftHandIndex1"
Transform:{0.999825358,-0.0164224,-0.00891738,-339.985,0.0164639391,0.999853909,0.00459971279,709.667053,0.00884053763,-0.00474572,0.999949634,20.8347683,0.0,0.0,-0.0,1.0}
GlobalTransform:{-0.196962,0.979127645,0.0501495115,13270.8828,-0.274779,-0.104232,0.955841064,6428.68359,0.941117525,0.174484417,0.289573729,2745.24219,0.0,0.0,0.0,1.0}
Parent:"mixamorig:LeftHand"
<NODE-32>

<NODE-33>

Name:"mixamorig:LeftHandIndex2"
Transform:{0.999999583,0.000885255751,1.95184348e-05,0.469703674,-0.000885256,0.999999583,-1.86258e-06,361.225647,-1.95201e-05,1.84529972e-06,1.0,0.000771209598,0.0,0.0,-0.0,1.0}
GlobalTransform:{-0.197187,0.979038358,0.0510013066,13277.0918,-0.274607,-0.105099,0.955795705,6778.15332,0.941120863,0.174465105,0.289574504,2744.99585,0.0,0.0,0.0,1.0}
Parent:"mixamorig:LeftHandIndex1"
<NODE-33>

<NODE-34>

Name:"mixamorig:LeftHandIndex3"
Transform:{0.999996543,0.00262333476,-6.1698e-05,0.137281656,-0.00262333,0.999996543,-1.70178e-06,330.988525,6.16933612e-05,1.86362445e-06,1.0,0.000600904226,0.0,0.0,-0.0,1.0}
GlobalTransform:{-0.197965,0.9787485,0.053490635,13294.7949,-0.27409,-0.107667,0.955658138,7074.28369,0.941108167,0.174525306,0.289579421,2745.82812,0.0,0.0,0.0,1.0}
Parent:"mixamorig:LeftHandIndex2"
<NODE-34>

<NODE-35>

Name:"mixamorig:LeftHandIndex3_end"
Transform:{1.0,0.0,-0.0,0.0,0.0,1.0,-0.0,274.790253,-0.0,-0.0,1.0,-0.0,0.0,0.0,-0.0,1.0}
GlobalTransform:{-0.197965,0.9787485,0.053490635,13294.7949,-0.27409,-0.107667,0.955658138,7349.07373,0.941108167,0.174525306,0.289579421,2745.82812,0.0,0.0,0.0,1.0}
Parent:"mixamorig:LeftHandIndex3"
<NODE-35>

<NODE-36>

Name:"mixamorig:LeftHandMiddle1"
Transform:{0.99992615,-0.0121388,0.000624087639,-10.9875,0.012135704,0.999915123,0.00474233367,726.520691,-0.000681601,-0.00473441,0.999988556,-3.43865,0.0,0.0,-0.0,1.0}
GlobalTransform:{-0.18918,0.980284274,0.0570413843,13649.8311,-0.273826,-0.108452,0.955645084,6386.83496,0.942990065,0.165169373,0.288944274,2590.42529,0.0,0.0,0.0,1.0}
Parent:"mixamorig:LeftHand"
<NODE-36>

<NODE-37>

Name:"mixamorig:LeftHandMiddle2"
Transform:{0.99998641,-0.00520799,6.18326085e-05,-1.14656,0.0052079889,0.99998641,-1.58377e-07,384.412598,-6.18309e-05,4.80397944e-07,1.0,-0.000817813,0.0,0.0,-0.0,1.0}
GlobalTransform:{-0.187693,0.980845988,0.0520814881,13615.3965,-0.274808,-0.103345,0.955929101,6842.24854,0.943001628,0.165108711,0.288941205,2589.5835,0.0,0.0,0.0,1.0}
Parent:"mixamorig:LeftHandMiddle1"
<NODE-37>

<NODE-38>

Name:"mixamorig:LeftHandMiddle3"
Transform:{0.999999225,0.00122940168,2.86535396e-05,0.859209061,-0.0012294,0.999999225,1.70068199e-06,386.070221,-2.86514e-05,-1.73591e-06,1.0,-0.00084502,0.0,0.0,-0.0,1.0}
GlobalTransform:{-0.188004,0.980722904,0.0532649495,13624.7314,-0.274575,-0.104551,0.955864847,7211.5791,0.943007469,0.165080786,0.288938046,2589.18066,0.0,0.0,0.0,1.0}
Parent:"mixamorig:LeftHandMiddle2"
<NODE-38>

<NODE-39>

Name:"mixamorig:LeftHandMiddle3_end"
Transform:{1.0,0.0,-0.0,0.0,0.0,1.0,-0.0,288.53717,-0.0,-0.0,1.0,-0.0,0.0,0.0,-0.0,1.0}
GlobalTransform:{-0.188004,0.980722904,0.0532649495,13624.7314,-0.274575,-0.104551,0.955864847,7500.11621,0.943007469,0.165080786,0.288938046,2589.18066,0.0,0.0,0.0,1.0}
Parent:"mixamorig:LeftHandMiddle3"
<NODE-39>

<NODE-40>

Name:"mixamorig:LeftHandRing1"
Transform:{0.99991852,-0.0127521,0.000664698891,350.972107,0.0127487602,0.999907494,0.0047433977,776.111206,-0.000725125,-0.00473454,0.999988556,-0.193321,0.0,0.0,-0.0,1.0}
GlobalTransform:{-0.188971,0.980357826,0.0564680398,14008.4316,-0.273941,-0.107851,0.955680072,6444.80176,0.942998528,0.165126786,0.288941175,2593.07251,0.0,0.0,0.0,1.0}
Parent:"mixamorig:LeftHand"
<NODE-40>

<NODE-41>

Name:"mixamorig:LeftHandRing2"
Transform:{0.999996662,-0.00257605,8.14541636e-05,-0.691574,0.00257604872,0.999996662,-3.84625e-07,291.761536,-8.14529e-05,5.94453354e-07,1.0,-0.000818197,0.0,0.0,-0.0,1.0}
GlobalTransform:{-0.188188,0.980645835,0.0540295094,13991.3027,-0.274428,-0.105325,0.955822229,6772.62695,0.943013787,0.165046871,0.288937151,2591.93457,0.0,0.0,0.0,1.0}
Parent:"mixamorig:LeftHandRing1"
<NODE-41>

<NODE-42>

Name:"mixamorig:LeftHandRing3"
Transform:{0.999996901,-0.00247942,-0.000105195,0.059895277,0.00247942493,0.999996901,2.72494458e-06,290.938507,0.000105187923,-2.98576e-06,1.0,-6.84801e-05,0.0,0.0,-0.0,1.0}
GlobalTransform:{-0.187606,0.980886579,0.051629059,13974.2539,-0.274891,-0.102893,0.955954015,7098.2417,0.942994833,0.165150344,0.288939983,2593.38599,0.0,0.0,0.0,1.0}
Parent:"mixamorig:LeftHandRing2"
<NODE-42>

<NODE-43>

Name:"mixamorig:LeftHandRing3_end"
Transform:{1.0,0.0,-0.0,0.0,0.0,1.0,-0.0,235.24469,-0.0,-0.0,1.0,-0.0,0.0,0.0,-0.0,1.0}
GlobalTransform:{-0.187606,0.980886579,0.051629059,13974.2539,-0.274891,-0.102893,0.955954015,7333.48633,0.942994833,0.165150344,0.288939983,2593.38599,0.0,0.0,0.0,1.0}
Parent:"mixamorig:LeftHandRing3"
<NODE-43>

<NODE-44>

Name:"mixamorig:RightShoulder"
Transform:{-0.0353742,-0.961821,-0.271384,-632.854,-2.31277e-05,-0.271553,0.962423384,1431.38696,-0.999374,0.0340512432,0.00958373398,22.3615723,0.0,0.0,-0.0,1.0}
GlobalTransform:{-0.0353745,-0.988819,-0.144861,-13891.3,-2.17865e-05,-0.144951,0.989438713,-989.813,-0.999374,0.0350040868,0.00510603748,491.619904,0.0,0.0,0.0,1.0}
Parent:"mixamorig:Spine2"
<NODE-44>

<NODE-45>

Name:"mixamorig:RightArm"
Transform:{0.999373198,0.0353729762,0.0014489498,-0.000144958,-0.03365,0.961820781,-0.271604,1322.44116,-0.0110011,0.271384567,0.962408125,-0.000221252,0.0,0.0,-0.0,1.0}
GlobalTransform:{-0.0368012,-0.993276,-0.109764,-13916.9,0.272603005,-0.115651,0.955150485,704.335876,-0.961423,0.00522876251,0.275026113,357.338013,0.0,0.0,0.0,1.0}
Parent:"mixamorig:RightShoulder"
<NODE-45>

<NODE-46>

Name:"mixamorig:RightForeArm"
Transform:{0.999999344,-7.28911e-07,0.0011491701,-4.57698e-06,7.28848022e-07,1.0,5.51119683e-08,2498.91748,-0.00114917,-5.42744e-08,0.999999344,0.000813818537,0.0,0.0,-0.0,1.0}
GlobalTransform:{-0.0379062,-0.993269,-0.109448,-13916.5,0.272602916,-0.115651,0.955150425,3203.24316,-0.96138,0.00637020869,0.275152028,373.331451,0.0,0.0,0.0,1.0}
Parent:"mixamorig:RightArm"
<NODE-46>

<NODE-47>

Name:"mixamorig:RightHand"
Transform:{0.990432501,0.00279856683,0.137969702,8.23391601e-05,-0.00299367,0.999994755,0.00120663887,2351.89429,-0.137966,-0.00160813,0.990435719,0.000370776281,0.0,0.0,-0.0,1.0}
GlobalTransform:{-0.169422,-0.983211,-0.0677653,-13722.9,0.271554917,-0.112669,0.955805063,5597.23242,-0.947393,0.143532291,0.286084473,2284.60791,0.0,0.0,0.0,1.0}
Parent:"mixamorig:RightForeArm"
<NODE-47>

<NODE-48>

Name:"mixamorig:RightHandThumb1"
Transform:{0.866942585,0.396185368,0.302403301,225.656174,-0.485452,0.808660626,0.33227095,216.633636,-0.112901,-0.434862,0.89339143,-169.023,0.0,0.0,-0.0,1.0}
GlobalTransform:{-0.325788,-0.853621,0.406440228,-8762.88,-0.0129493,0.433882505,0.900876343,12163.8086,-0.945354,0.288231462,-0.152407,987.324646,0.0,0.0,0.0,1.0}
Parent:"mixamorig:RightHand"
<NODE-48>

<NODE-49>

Name:"mixamorig:RightHandThumb2"
Transform:{0.996305883,0.0858411118,-0.00240699,17.915329,-0.085841,0.996308804,0.000154493406,283.878479,0.0024113718,5.26961048e-05,0.999997079,-0.000419617,0.0,0.0,-0.0,1.0}
GlobalTransform:{-0.32342,-0.813916,0.482637852,-7670.81,0.0149184354,0.505601168,0.862638235,13155.1543,-0.946138,0.286195099,-0.151379,966.831787,0.0,0.0,0.0,1.0}
Parent:"mixamorig:RightHandThumb1"
<NODE-49>

<NODE-50>

Name:"mixamorig:RightHandThumb3"
Transform:{0.999461055,0.0319165252,-0.00767663,-6.39553,-0.0319188,0.999490499,-0.000175303,278.968719,0.00766712707,0.000420237164,0.999970555,0.00121307373,0.0,0.0,-0.0,1.0}
GlobalTransform:{-0.315507,-0.799538,0.511072218,-7260.63,0.0253998917,0.53127265,0.846820056,13672.0938,-0.948583,0.280158758,-0.147312,913.519714,0.0,0.0,0.0,1.0}
Parent:"mixamorig:RightHandThumb2"
<NODE-50>

<NODE-51>

Name:"mixamorig:RightHandThumb3_end"
Transform:{1.0,0.0,-0.0,0.0,0.0,1.0,-0.0,210.124329,-0.0,-0.0,1.0,-0.0,0.0,0.0,-0.0,1.0}
GlobalTransform:{-0.315507,-0.799538,0.511072218,-7260.63,0.0253998917,0.53127265,0.846820056,13882.2178,-0.948583,0.280158758,-0.147312,913.519714,0.0,0.0,0.0,1.0}
Parent:"mixamorig:RightHandThumb3"
<NODE-51>

<NODE-52>

Name:"mixamorig:RightHandIndex1"
Transform:{0.999990582,-0.00368803,0.00228723371,359.113464,0.00369078619,0.99999249,-0.00120113,764.685913,-0.00228279,0.00120955775,0.999996662,9.68388748,0.0,0.0,-0.0,1.0}
GlobalTransform:{-0.172589,-0.982458,-0.0706354,-13379.1,0.27206552,-0.11647,0.955204129,6308.48389,-0.946675,0.145639986,0.287394315,2332.38086,0.0,0.0,0.0,1.0}
Parent:"mixamorig:RightHand"
<NODE-52>

<NODE-53>

Name:"mixamorig:RightHandIndex2"
Transform:{0.999999523,0.000988755608,-8.38253e-06,0.246421814,-0.000988756,0.999999523,1.4846172e-06,354.643921,8.38399592e-06,-1.47633e-06,1.0,-0.000290656,0.0,0.0,-0.0,1.0}
GlobalTransform:{-0.172312,-0.982574,-0.0696933,-13372.6,0.272234619,-0.115498,0.955273926,6676.35693,-0.946677,0.145631924,0.287392318,2332.25903,0.0,0.0,0.0,1.0}
Parent:"mixamorig:RightHandIndex1"
<NODE-53>

<NODE-54>

Name:"mixamorig:RightHandIndex3"
Transform:{0.99999994,0.000280760578,2.58940577e-06,-0.0962818,-0.000280761,0.99999994,-1.30122e-06,327.25174,-2.58977e-06,1.30049716e-06,1.0,0.00115078315,0.0,0.0,-0.0,1.0}
GlobalTransform:{-0.172238,-0.982606,-0.0694244,-13370.8,0.27228421,-0.115222,0.955293059,7007.35986,-0.946676,0.145634323,0.287393749,2332.30347,0.0,0.0,0.0,1.0}
Parent:"mixamorig:RightHandIndex2"
<NODE-54>

<NODE-55>

Name:"mixamorig:RightHandIndex3_end"
Transform:{1.0,0.0,-0.0,0.0,0.0,1.0,-0.0,261.083008,-0.0,-0.0,1.0,-0.0,0.0,0.0,-0.0,1.0}
GlobalTransform:{-0.172238,-0.982606,-0.0694244,-13370.8,0.27228421,-0.115222,0.955293059,7268.44287,-0.946676,0.145634323,0.287393749,2332.30347,0.0,0.0,0.0,1.0}
Parent:"mixamorig:RightHandIndex3"
<NODE-55>

<NODE-56>

Name:"mixamorig:RightHandMiddle1"
Transform:{0.999993503,-0.00360235,-0.000219834,-2.27549,0.00360208307,0.999992788,-0.00120855,760.256287,0.000224185846,0.00120774959,0.999999285,0.91502285,0.0,0.0,-0.0,1.0}
GlobalTransform:{-0.170191,-0.98283,-0.0712709,-13745.7,0.272087663,-0.116384,0.955208302,6305.25635,-0.947103,0.143175691,0.287223458,2289.20483,0.0,0.0,0.0,1.0}
Parent:"mixamorig:RightHand"
<NODE-56>

<NODE-57>

Name:"mixamorig:RightHandMiddle2"
Transform:{0.999998927,0.0014793342,1.1214569e-05,0.235658169,-0.00147933,0.999998927,2.3056576e-07,387.36377,-1.12142e-05,-2.47156e-07,1.0,0.00126725063,0.0,0.0,-0.0,1.0}
GlobalTransform:{-0.169799,-0.983,-0.0698546,-13736.1,0.272338927,-0.11493,0.955312788,6712.94824,-0.947101,0.143186748,0.287224025,2289.35864,0.0,0.0,0.0,1.0}
Parent:"mixamorig:RightHandMiddle1"
<NODE-57>

<NODE-58>

Name:"mixamorig:RightHandMiddle3"
Transform:{0.999999106,-0.00131565,-1.22463e-05,-0.356581,0.00131565169,0.999999106,-3.93722e-08,409.451843,1.22463125e-05,2.32602986e-08,1.0,0.00114651769,0.0,0.0,-0.0,1.0}
GlobalTransform:{-0.170145,-0.98285,-0.0711149,-13745.3,0.27211532,-0.116223,0.955220044,7104.32227,-0.947103,0.143174708,0.28722319,2289.19165,0.0,0.0,0.0,1.0}
Parent:"mixamorig:RightHandMiddle2"
<NODE-58>

<NODE-59>

Name:"mixamorig:RightHandMiddle3_end"
Transform:{1.0,0.0,-0.0,0.0,0.0,1.0,-0.0,271.792603,-0.0,-0.0,1.0,-0.0,0.0,0.0,-0.0,1.0}
GlobalTransform:{-0.170145,-0.98285,-0.0711149,-13745.3,0.27211532,-0.116223,0.955220044,7376.11475,-0.947103,0.143174708,0.28722319,2289.19165,0.0,0.0,0.0,1.0}
Parent:"mixamorig:RightHandMiddle3"
<NODE-59>

<NODE-60>

Name:"mixamorig:RightHandRing1"
Transform:{0.999994576,-0.00318407,0.000874134712,-356.838,0.00318512041,0.999994218,-0.00120426,807.037537,-0.000870295,0.00120703538,0.999998927,1.48576164,0.0,0.0,-0.0,1.0}
GlobalTransform:{-0.171114,-0.982722,-0.0705582,-14095.5,0.272154629,-0.115973,0.955239177,6357.77734,-0.946917,0.144251823,0.287296832,2304.79028,0.0,0.0,0.0,1.0}
Parent:"mixamorig:RightHand"
<NODE-60>

<NODE-61>

Name:"mixamorig:RightHandRing2"
Transform:{0.999999881,0.000451377622,9.52713265e-07,0.0592725277,-0.000451378,0.999999881,-1.49644e-06,310.536469,-9.53389e-07,1.49600714e-06,1.0,0.000410447828,0.0,0.0,-0.0,1.0}
GlobalTransform:{-0.170992,-0.982774,-0.0701268,-14092.5,0.272233248,-0.11553,0.955270469,6674.67188,-0.946917,0.144252583,0.287298322,2304.81372,0.0,0.0,0.0,1.0}
Parent:"mixamorig:RightHandRing1"
<NODE-61>

<NODE-62>

Name:"mixamorig:RightHandRing3"
Transform:{0.99999994,-0.000322965,1.0024271e-06,-0.0731022,0.000322965265,0.99999994,3.39407188e-06,280.461792,-1.00352e-06,-3.39375e-06,1.0,0.000589955598,0.0,0.0,-0.0,1.0}
GlobalTransform:{-0.171081,-0.982736,-0.070435,-14094.8,0.272174805,-0.115847,0.955248713,6950.58984,-0.946917,0.144253954,0.287295163,2304.80591,0.0,0.0,0.0,1.0}
Parent:"mixamorig:RightHandRing2"
<NODE-62>

<NODE-63>

Name:"mixamorig:RightHandRing3_end"
Transform:{1.0,0.0,-0.0,0.0,0.0,1.0,-0.0,220.233398,-0.0,-0.0,1.0,-0.0,0.0,0.0,-0.0,1.0}
GlobalTransform:{-0.171081,-0.982736,-0.070435,-14094.8,0.272174805,-0.115847,0.955248713,7170.82324,-0.946917,0.144253954,0.287295163,2304.80591,0.0,0.0,0.0,1.0}
Parent:"mixamorig:RightHandRing3"
<NODE-63>

<NODE-64>

Name:"mixamorig:LeftUpLeg"
Transform:{-1,0.000753078668,4.06026857e-07,992.177673,-0.000753077,-0.999996,-0.00281517,-591.87,-1.71402e-06,-0.00281517,0.999996066,148.718475,0.0,0.0,-0.0,1.0}
GlobalTransform:{-1,0.000763732183,1.27397115e-07,999.519165,-0.000763729,-0.999996,-0.00281531,-10335.5,-2.02275e-06,-0.00281531,0.999996066,-4.72422,0.0,0.0,0.0,1.0}
Parent:"mixamorig:Hips"
<NODE-64>

<NODE-65>

Name:"mixamorig:LeftLeg"
Transform:{0.999998569,0.00167633675,-0.000116393,4.90952789e-06,-0.00168036,0.997376263,-0.0723718,4447.7168,-5.23224e-06,0.0723718703,0.997377694,-1.13226e-06,0.0,0.0,-0.0,1.0}
GlobalTransform:{-1,-0.000912271,-0.000120984,982.192566,0.000918784761,-0.99717,-0.0751794,-5861.96,-5.20577e-05,-0.0751795,0.997170031,-752.713,0.0,0.0,0.0,1.0}
Parent:"mixamorig:LeftUpLeg"
<NODE-65>

<NODE-66>

Name:"mixamorig:LeftFoot"
Transform:{0.996898711,0.0645262823,-0.0450486,5.4771197e-05,-0.000217628,0.574698567,0.818365157,3615.64331,0.0786954314,-0.815817,0.572930276,3.98345292e-05,0.0,0.0,-0.0,1.0}
GlobalTransform:{-0.996837,-0.0618664,-0.0498928,634.804871,0.000703050231,-0.634596,0.772843719,-369.424,-0.0794748,0.770363748,0.632632017,4428.3291,0.0,0.0,0.0,1.0}
Parent:"mixamorig:LeftLeg"
<NODE-66>

<NODE-67>

Name:"mixamorig:LeftToeBase"
Transform:{0.997496963,-0.0441843,0.0552050732,-4.75645e-05,-4.77608e-08,0.780728996,0.624869764,1644.35999,-0.0707096,-0.623306,0.778774798,5.7220459e-05,0.0,0.0,-0.0,1.0}
GlobalTransform:{-0.99876,0.00885564089,-0.0489909,894.004822,-0.0491124,-0.0140705,0.998694122,4123.06885,0.00815475732,0.999861717,0.0144878924,3634.04834,0.0,0.0,0.0,1.0}
Parent:"mixamorig:LeftFoot"
<NODE-67>

<NODE-68>

Name:"mixamorig:LeftToeBase_end"
Transform:{1.0,0.0,-0.0,0.0,0.0,1.0,-0.0,614.637695,-0.0,-0.0,1.0,-0.0,0.0,0.0,-0.0,1.0}
GlobalTransform:{-0.99876,0.00885564089,-0.0489909,894.004822,-0.0491124,-0.0140705,0.998694122,4737.70654,0.00815475732,0.999861717,0.0144878924,3634.04834,0.0,0.0,0.0,1.0}
Parent:"mixamorig:LeftToeBase"
<NODE-68>

<NODE-69>

Name:"mixamorig:RightUpLeg"
Transform:{-1,-0.000775257,-2.06279e-06,-992.178,0.000775249733,-0.999996,0.00254045124,-591.87,-4.03228e-06,0.00254044891,0.999996781,121.508217,0.0,0.0,-0.0,1.0}
GlobalTransform:{-1,-0.000764604,-2.34164e-06,-999.728,0.000764595577,-0.999996,0.00254030526,-10336.1,-4.28396e-06,0.00254030293,0.999996781,20.2504482,0.0,0.0,0.0,1.0}
Parent:"mixamorig:Hips"
<NODE-69>

<NODE-70>

Name:"mixamorig:RightLeg"
Transform:{0.999998569,-0.00167659,0.000109791123,-3.42247e-05,0.00168017193,0.997686207,-0.0679663,4447.81201,4.4143444e-06,0.067966409,0.997687638,-1.1446e-06,0.0,0.0,-0.0,1.0}
GlobalTransform:{-1,0.000912256946,0.00010319009,-982.395,-0.000917054,-0.997857,-0.0654317,-5867.47,4.32784182e-05,-0.0654317,0.997857094,-682.311,0.0,0.0,0.0,1.0}
Parent:"mixamorig:RightUpLeg"
<NODE-70>

<NODE-71>

Name:"mixamorig:RightFoot"
Transform:{0.996873796,-0.0647042,0.0453438982,3.31067713e-05,0.000178243863,0.57573539,0.817636013,3615.75854,-0.0790106,-0.815072,0.573947072,1.18277967e-05,0.0,0.0,-0.0,1.0}
GlobalTransform:{-0.996812,0.0625079796,0.0495833009,-630.613,-0.000670838,-0.628001,0.778212607,-320.407,0.0797828361,0.775698364,0.626040518,4468.41553,0.0,0.0,0.0,1.0}
Parent:"mixamorig:RightLeg"
<NODE-71>

<NODE-72>

Name:"mixamorig:RightToeBase"
Transform:{0.997511327,0.0441741273,-0.0549528,-3.6329e-05,5.41900178e-08,0.779400349,0.626526177,1639.91284,0.0705064982,-0.624967,0.777460694,3.43322754e-05,0.0,0.0,-0.0,1.0}
GlobalTransform:{-0.998745,-0.00801577,0.0494340733,-888.749,0.0494631305,-0.00346852,0.998769939,4189.76709,-0.00783446,0.999961793,0.00386065897,3629.79883,0.0,0.0,0.0,1.0}
Parent:"mixamorig:RightFoot"
<NODE-72>

<NODE-73>

Name:"mixamorig:RightToeBase_end"
Transform:{1.0,0.0,-0.0,0.0,0.0,1.0,-0.0,608.964172,-0.0,-0.0,1.0,-0.0,0.0,0.0,-0.0,1.0}
GlobalTransform:{-0.998745,-0.00801577,0.0494340733,-888.749,0.0494631305,-0.00346852,0.998769939,4798.73145,-0.00783446,0.999961793,0.00386065897,3629.79883,0.0,0.0,0.0,1.0}
Parent:"mixamorig:RightToeBase"
<NODE-73>

<NODE-74>

Name:"mixamorig:Hips.001"
Transform:{-0.999999,-0.00138375,8.81563246e-05,1.51198208,0.00138655456,-0.99798,0.0635094121,-8540.83,9.71712169e-08,0.0635094717,0.99798125,-69.4091,0.0,0.0,-0.0,1.0}
GlobalTransform:{-0.999999,-0.0013731,8.78773862e-05,-11.9788,0.00137590489,-0.99798,0.0635092631,-18273.1,4.95590143e-07,0.0635093227,0.99798125,423.668182,0.0,0.0,0.0,1.0}
Parent:"mixamorig:Hips"
<NODE-74>

<NODE-75>

Name:"mixamorig:Hips.001_end"
Transform:{1.0,0.0,-0.0,0.0,0.0,1.0,-0.0,2833.46313,-0.0,-0.0,1.0,-0.0,0.0,0.0,-0.0,1.0}
GlobalTransform:{-0.999999,-0.0013731,8.78773862e-05,-11.9788,0.00137590489,-0.99798,0.0635092631,-15439.7,4.95590143e-07,0.0635093227,0.99798125,423.668182,0.0,0.0,0.0,1.0}
Parent:"mixamorig:Hips.001"
<NODE-75>

<NODE-76>

Name:"Object_89"
Transform:{99.9999771,-6.85827e-14,-4.20958e-07,0.0,-4.20958e-07,-1.62921e-05,-100.0,0.0,-0.0,100.0,-1.62921e-05,-0.0,0.0,0.0,-0.0,1.0}
GlobalTransform:{99.9999771,-6.85827e-14,-4.20958e-07,0.0,-4.20958e-07,-1.62921e-05,-100.0,0.0,0.0,100.0,-1.62921e-05,0.0,0.0,0.0,0.0,1.0}
Parent:"RootNode"
<NODE-76>

<NODE-77>

Name:"Object_86"
Transform:{100.0,0.0,-0.0,0.0,0.0,-1.62921e-05,-100.0,0.0,-0.0,100.0,-1.62921e-05,-0.0,0.0,0.0,-0.0,1.0}
GlobalTransform:{100.0,0.0,0.0,0.0,0.0,-1.62921e-05,-100.0,0.0,0.0,100.0,-1.62921e-05,0.0,0.0,0.0,0.0,1.0}
Parent:"RootNode"
<NODE-77>

<NODES>

<MESHS>

<MESH-0>

Name:"Object_3.001"
NodeName:"Object_89"
VertexNum:{10344.0}
Vertex:({-5.46939,-7.82417,-143.097}|{0.566972852,0.806902051,-0.165683}|{0.737102985,0.624190986}|{0.703514874,-0.369701,0.606949747}|{1.0,1.0,1.0,1.0}|{3.0,0.0,0.0,0.0}|{0.99999994,0.0,0.0,0.0}|)
Vertex:({-4.17799,-8.54276,-142.596}|{0.398702502,0.900578022,-0.173193}|{0.745701015,0.619450986}|{0.854726195,-0.29646,0.426092416}|{1.0,1.0,1.0,1.0}|{3.0,0.0,0.0,0.0}|{1.0,0.0,0.0,0.0}|)
Vertex:({-4.19198,-8.19269,-142.85}|{0.452403098,0.820894837,-0.348516}|{0.743750989,0.618301034}|{0.854062796,-0.286302,0.434290141}|{1.0,1.0,1.0,1.0}|{3.0,0.0,0.0,0.0}|{1.0,0.0,0.0,0.0}|)
Vertex:({-5.49391,-7.51637,-143.381}|{0.609281361,0.715218663,-0.342401}|{0.734745979,0.623947978}|{0.714024723,-0.307044,0.629200101}|{1.0,1.0,1.0,1.0}|{3.0,0.0,0.0,0.0}|{1.0,0.0,0.0,0.0}|)
Vertex:({-13.7594,4.39681435,-114.246}|{-0.827319,0.324280441,0.458678842}|{0.50533998,0.691430986}|{0.33709076,0.93978107,-0.0564037}|{1.0,1.0,1.0,1.0}|{0.0,1.0,2.0,3.0}|{0.000223973679,0.60193646,0.395637691,0.00220190873}|)
Vertex:({-14.0122,4.49585056,-115.738}|{-0.913843,0.337480009,-0.225829}|{0.506044984,0.699627995}|{0.360932738,0.929891348,-0.0709208}|{1.0,1.0,1.0,1.0}|{0.0,1.0,2.0,3.0}|{3.67964712e-05,0.541825831,0.453856826,0.00428051408}|)
Vertex:({-13.2755,5.47495651,-115.809}|{-0.82023,0.546528935,0.16890642}|{0.512827992,0.699115992}|{0.531995773,0.837332666,-0.125914}|{1.0,1.0,1.0,1.0}|{0.0,1.0,2.0,3.0}|{6.1436418e-05,0.526400328,0.467740446,0.00579785928}|)
Vertex:({-13.0538,5.38807917,-114.214}|{-0.814001,0.556609869,0.166094407}|{0.511914015,0.690330029}|{0.542068839,0.830656946,-0.127163}|{1.0,1.0,1.0,1.0}|{0.0,1.0,2.0,3.0}|{0.000299160776,0.593712091,0.403353155,0.00263565034}|)
Vertex:({-10.9833,-6.62493,-112.455}|{-0.697692,-0.709272,0.100793935}|{0.706780016,0.814239025}|{0.714819014,-0.698565,0.0322553478}|{1.0,1.0,1.0,1.0}|{0.0,1.0,2.0,3.0}|{0.00691771181,0.698805392,0.292803615,0.0014733331}|)
Vertex:({-12.8904,-3.90238,-112.606}|{-0.895394,-0.428207,0.122101262}|{0.688455999,0.81418699}|{0.436603248,-0.898157,0.05188559}|{1.0,1.0,1.0,1.0}|{0.0,1.0,2.0,3.0}|{0.00583481789,0.693006694,0.300246835,0.000911675452}|)
Vertex:({-12.687,-3.86372,-110.699}|{-0.903701,-0.426579,0.0368082784}|{0.68918103,0.824694991}|{0.427724808,-0.903324,0.0325034373}|{1.0,1.0,1.0,1.0}|{0.0,1.0,2.0,3.0}|{0.0596384555,0.72333926,0.216983378,3.88764856e-05}|)
Vertex:({-10.6999,-6.6559,-110.497}|{-0.690585,-0.722983,0.0197038352}|{0.708450973,0.825259984}|{0.723129809,-0.689713,0.0371430665}|{1.0,1.0,1.0,1.0}|{0.0,1.0,2.0,3.0}|{0.0701616406,0.73214066,0.197682709,1.50155702e-05}|)
Vertex:({-8.88976,9.3867836,-114.674}|{-0.5005,0.855180442,0.13478227}|{0.555867016,0.597285032}|{-0.86525,-0.499339,-0.0447566}|{1.0,1.0,1.0,1.0}|{0.0,1.0,2.0,3.0}|{0.000489563041,0.533417165,0.457307398,0.00878585223}|)
Vertex:({-9.09583,9.77501392,-117.309}|{-0.484195,0.854610503,0.187606037}|{0.556519985,0.582686007}|{-0.87381,-0.4833,-0.0536287}|{1.0,1.0,1.0,1.0}|{0.0,1.0,2.0,3.0}|{4.77604881e-05,0.393367946,0.571328104,0.035256207}|)
Vertex:({-6.2632,11.1270208,-118.291}|{-0.261111,0.945652544,0.193809077}|{0.539722025,0.576593041}|{-0.964771,-0.262349,-0.0197184}|{1.0,1.0,1.0,1.0}|{0.0,1.0,2.0,3.0}|{3.92071743e-05,0.298648953,0.608571172,0.0927407146}|)
Vertex:({-6.09853,10.462307,-115.038}|{-0.25041,0.956323087,0.150800928}|{0.539403021,0.594832003}|{-0.967894,-0.250804,-0.0167122}|{1.0,1.0,1.0,1.0}|{0.0,1.0,2.0,3.0}|{0.000644168991,0.505561352,0.479465365,0.0143292025}|)
Vertex:({-13.8245,-1.67786,-115.787}|{-0.972164,-0.198033,0.12522164}|{0.473230988,0.70026803}|{-0.204578,0.97796452,-0.041636}|{1.0,1.0,1.0,1.0}|{0.0,1.0,2.0,3.0}|{3.32117161e-05,0.583865047,0.413100421,0.00300135789}|)
Vertex:({-14.0485,0.889343262,-115.954}|{-0.981481,-0.0761129,-0.175792}|{0.486456007,0.703307033}|{-0.0818696,0.996311128,0.0257195327}|{1.0,1.0,1.0,1.0}|{0.0,1.0,2.0,3.0}|{1.27608e-05,0.552004695,0.443759918,0.00422263378}|)
Vertex:({-14.6107,0.42850101,-115.838}|{-0.979937,-0.126506,-0.154012}|{0.484622002,0.700378001}|{-0.128537,0.991699278,0.00326242018}|{1.0,1.0,1.0,1.0}|{0.0,1.0,2.0,3.0}|{1.78027731e-05,0.569606125,0.427012324,0.00336373225}|)
Vertex:({-13.8245,-1.67786,-115.787}|{-0.972164,-0.198033,0.12522164}|{0.473230988,0.70026803}|{-0.19989,0.979815245,-0.00248083}|{1.0,1.0,1.0,1.0}|{0.0,1.0,2.0,3.0}|{3.32117161e-05,0.583865047,0.413100421,0.00300135789}|)
Vertex:({-14.1487,-0.933981,-115.486}|{-0.924999,-0.347488,-0.153717}|{0.477573991,0.698920012}|{-0.356427,0.933700144,0.0341181308}|{1.0,1.0,1.0,1.0}|{0.0,1.0,2.0,3.0}|{3.06649599e-05,0.589884937,0.407433897,0.00265050353}|)
Vertex:({-10.0268,16.2303886,-138.461}|{-0.0579105,0.981366336,0.183211744}|{0.554325998,0.46736902}|{-0.994671,-0.0410393,-0.0945757}|{1.0,1.0,1.0,1.0}|{3.0,22.0,0.0,0.0}|{0.929413974,0.0705860183,0.0,0.0}|)
Vertex:({-11.8448,16.196434,-139.443}|{-0.088783,0.988376141,0.123410523}|{0.561755002,0.463876009}|{-0.989846,-0.0737416,-0.121522}|{1.0,1.0,1.0,1.0}|{3.0,22.0,23.0,0.0}|{0.693721294,0.276551098,0.0297275875,0.0}|)
Vertex:({-11.6552,16.152441,-141.845}|{-0.0543984,0.997545004,-0.0440987}|{0.560880005,0.452804029}|{-0.988058,-0.0601521,-0.141856}|{1.0,1.0,1.0,1.0}|{3.0,22.0,23.0,0.0}|{0.737217128,0.20834966,0.0544332415,0.0}|)
Vertex:({-9.38507,16.2159176,-140.53}|{-0.0499929,0.998701632,0.00979755539}|{0.551241994,0.457131982}|{-0.993376,-0.0487052,-0.104079}|{1.0,1.0,1.0,1.0}|{3.0,22.0,0.0,0.0}|{0.95715487,0.0428451486,0.0,0.0}|)
Vertex:({-14.4965,-4.62808,-119.445}|{-0.915381,-0.382696,-0.124986}|{0.68433398,0.774491012}|{0.371927083,-0.922715,0.101323567}|{1.0,1.0,1.0,1.0}|{0.0,1.0,2.0,3.0}|{3.29337098e-07,0.39849174,0.570743859,0.0307640545}|)
Vertex:({-12.6126,-7.25868,-120.185}|{-0.716394,-0.690493,-0.100001}|{0.700419009,0.769556999}|{0.691403389,-0.721809,0.0308691319}|{1.0,1.0,1.0,1.0}|{0.0,1.0,2.0,3.0}|{1.90210457e-07,0.359006107,0.587290227,0.0537034571}|)
Vertex:({-12.7234,-7.30218,-122.017}|{-0.616093,-0.765688,0.184799969}|{0.699931026,0.759997964}|{0.780074418,-0.62563,0.00845085829}|{1.0,1.0,1.0,1.0}|{0.0,1.0,2.0,3.0}|{4.65810857e-09,0.195555598,0.657972991,0.146471396}|)
Vertex:({-14.3425,-4.67534,-121.256}|{-0.898081,-0.412181,0.153485402}|{0.683775008,0.765218973}|{0.429598242,-0.896879,0.105138287}|{1.0,1.0,1.0,1.0}|{1.0,2.0,3.0,23.0}|{0.264131755,0.65512377,0.0804565772,0.00028797143}|)
Vertex:({-12.7793,9.25173283,-121.946}|{-0.682999,0.708297729,0.17840077}|{0.577553988,0.556496978}|{-0.730287,-0.66685,-0.1483}|{1.0,1.0,1.0,1.0}|{1.0,2.0,3.0,0.0}|{0.0760192126,0.715794325,0.208186477,0.0}|)
Vertex:({-14.664,6.74078274,-120.393}|{-0.936001,0.349577188,0.0412101969}|{0.591727018,0.567317963}|{-0.347665,-0.899807,-0.263583}|{1.0,1.0,1.0,1.0}|{1.0,2.0,3.0,23.0}|{0.184915945,0.724839687,0.0899510086,0.00029336015}|)
Vertex:({-14.8932,7.05952644,-122.183}|{-0.876307,0.397132903,0.27271083}|{0.593189001,0.55814302}|{-0.465577,-0.843586,-0.267582}|{1.0,1.0,1.0,1.0}|{1.0,2.0,3.0,23.0}|{0.0859702751,0.754263043,0.153059229,0.0067075137}|)
Vertex:({-13.3285,9.66098785,-123.86}|{-0.596178,0.740091503,0.311185181}|{0.579759002,0.546324015}|{-0.798189,-0.588096,-0.130526}|{1.0,1.0,1.0,1.0}|{1.0,2.0,3.0,22.0}|{0.0376923084,0.673107743,0.281816989,0.00738299033}|)
Vertex:({-10.9772,7.17243862,-112.589}|{-0.699143,0.709741294,0.0864069313}|{0.571748972,0.609236002}|{-0.713603,-0.700182,-0.0227063}|{1.0,1.0,1.0,1.0}|{0.0,1.0,2.0,3.0}|{0.00262047397,0.633168101,0.362031639,0.00217980682}|)
Vertex:({-8.73924,9.33649349,-112.494}|{-0.512908,0.856706381,0.0545902625}|{0.554901004,0.609326959}|{-0.858426,-0.512274,-0.0261032}|{1.0,1.0,1.0,1.0}|{0.0,1.0,2.0,3.0}|{0.00527654449,0.619448066,0.37227422,0.00300116022}|)
Vertex:({-8.76512,9.29691982,-110.56}|{-0.547697,0.83252871,-0.0832101}|{0.555033028,0.620124996}|{-0.834475,-0.550758,-0.0178178}|{1.0,1.0,1.0,1.0}|{0.0,1.0,2.0,3.0}|{0.0187152717,0.686470509,0.293858171,0.000956108561}|)
Vertex:({-10.833,7.14681816,-110.699}|{-0.722602,0.69050914,-0.0323053}|{0.571267009,0.619273007}|{-0.691099,-0.722661,0.0119373072}|{1.0,1.0,1.0,1.0}|{0.0,1.0,2.0,3.0}|{0.0177287292,0.693705916,0.287719488,0.000845883624}|)
Vertex:({-13.3994,-1.60252,-112.691}|{-0.972941,-0.201031,0.113895178}|{0.675899982,0.814692974}|{0.211331591,-0.973541,0.0869336948}|{1.0,1.0,1.0,1.0}|{0.0,1.0,2.0,3.0}|{0.0012696163,0.694114447,0.304026604,0.000589343952}|)
Vertex:({-13.1673,-1.59286,-110.832}|{-0.98147,-0.171486,0.0854908675}|{0.67663902,0.824393988}|{0.173892811,-0.98453,0.0214978196}|{1.0,1.0,1.0,1.0}|{0.0,1.0,2.0,3.0}|{0.0142097445,0.754771292,0.230978087,4.0884217e-05}|)
Vertex:({-2.44085,11.2411366,-115.308}|{-0.134817,0.977817118,0.160306558}|{0.518764019,0.592970014}|{-0.990823,-0.134623,-0.0121191}|{1.0,1.0,1.0,1.0}|{0.0,1.0,2.0,3.0}|{0.000749643368,0.492653757,0.489830971,0.0167656858}|)
Vertex:({-2.53329,12.0661478,-119.435}|{-0.124505,0.972688317,0.195898026}|{0.518975019,0.569972992}|{-0.992106,-0.12502,-0.00978318}|{1.0,1.0,1.0,1.0}|{0.0,1.0,2.0,3.0}|{1.93688466e-05,0.227939397,0.616730809,0.155310452}|)
Vertex:({0.0355382077,12.2235384,-119.634}|{2.51689926e-07,0.981461465,0.191660166}|{0.505066991,0.568875015}|{-0.999996,-0.000552388,0.00283001014}|{1.0,1.0,1.0,1.0}|{0.0,1.0,2.0,3.0}|{8.73723275e-06,0.21855171,0.617866099,0.163573444}|)
Vertex:({0.035544835,11.3906279,-115.325}|{-7.06932e-08,0.987599075,0.156997204}|{0.505109012,0.59284997}|{-0.999997,-0.000397276,0.00249864324}|{1.0,1.0,1.0,1.0}|{0.0,1.0,2.0,3.0}|{0.000595750753,0.501535594,0.484205395,0.0136632454}|)
Vertex:({-12.8284,5.30992126,-112.545}|{-0.824904,0.555382192,0.105279863}|{0.585178018,0.609723985}|{-0.561719,-0.826226,-0.0426782}|{1.0,1.0,1.0,1.0}|{0.0,1.0,2.0,3.0}|{0.00197349791,0.65542227,0.341427267,0.00117694912}|)
Vertex:({-12.6415,5.2928524,-110.944}|{-0.844821,0.534935653,0.0110236704}|{0.584523022,0.61768496}|{-0.533748,-0.844023,0.0523218997}|{1.0,1.0,1.0,1.0}|{0.0,1.0,2.0,3.0}|{0.00999368168,0.710217237,0.279285342,0.000503741205}|)
Vertex:({-8.97672,-9.63861,-138.341}|{-0.0509993,-0.990882,-0.124708}|{0.0497389995,0.591928005}|{0.866630554,0.0181499068,-0.49862}|{1.0,1.0,1.0,1.0}|{3.0,0.0,0.0,0.0}|{1.0,0.0,0.0,0.0}|)
Vertex:({-8.05443,-9.28668,-139.548}|{-0.0260904,-0.956241,-0.291414}|{0.0570480004,0.587615967}|{0.761918485,0.169694573,-0.625047}|{1.0,1.0,1.0,1.0}|{3.0,0.0,0.0,0.0}|{1.0,0.0,0.0,0.0}|)
Vertex:({-8.17982,-9.72213,-139.753}|{0.112692058,-0.944906,-0.307332}|{0.0553269982,0.585906982}|{0.811823189,0.265900612,-0.519846}|{1.0,1.0,1.0,1.0}|{3.0,0.0,0.0,0.0}|{1.0,0.0,0.0,0.0}|)
Vertex:({-8.97672,-9.63861,-138.341}|{-0.0509993,-0.990882,-0.124708}|{0.0497389995,0.591928005}|{0.773250937,0.0398492441,-0.632847}|{1.0,1.0,1.0,1.0}|{3.0,0.0,0.0,0.0}|{1.0,0.0,0.0,0.0}|)
