<MODEL>

<HEADER>

Name:""
CanAnimation:true
IsAnime:false
GlobalInverseTransform:{1.0,-0.0,0.0,-0.0,-0.0,1.0,-0.0,0.0,0.0,-0.0,1.0,-0.0,-0.0,0.0,-0.0,1.0}
NodeNun:{77.0}
MeshNum:{1.0}
<HEADER>

<NODES>

<NODE-0>

Name:"RootNode"
Transform:{1.0,-0.0,0.0,-0.0,-0.0,1.0,-0.0,0.0,0.0,-0.0,1.0,-0.0,-0.0,0.0,-0.0,1.0}
GlobalTransform:{1.0,-0.0,0.0,-0.0,-0.0,1.0,-0.0,0.0,0.0,-0.0,1.0,-0.0,-0.0,0.0,-0.0,1.0}
Parent:""
<NODE-0>

<NODE-1>

Name:"Armature"
Transform:{162.218613,0.0,-0.0,0.0,0.0,-2.64288e-05,162.218613,0.0,-0.0,-162.219,-2.64288e-05,-0.0,0.0,0.0,-0.0,1.0}
GlobalTransform:{162.218613,0.0,0.0,0.0,0.0,-2.64288e-05,162.218613,0.0,0.0,-162.219,-2.64288e-05,0.0,0.0,0.0,0.0,1.0}
Parent:"RootNode"
<NODE-1>

<NODE-2>

Name:"Hips"
Transform:{0.999955535,0.00943266321,-0.0,0.0,1.53677593e-09,-1.62913e-07,-1.0,0.0,-0.00943266,0.999955535,-1.62921e-07,-0.0,-1.98864e-05,-0.0081609,-0.650026,1.0}
GlobalTransform:{162.211395,-2.49294e-07,1.53015351,0.0,2.49293663e-07,162.218613,1.1764496e-09,0.0,-1.53015,1.17439258e-09,162.211395,0.0,-0.00322594,105.446259,-1.32383,1.0}
Parent:"Armature"
<NODE-2>

<NODE-3>

Name:"Spine"
Transform:{0.999954224,-0.000114682,-0.00956823,0.0,0.000450434076,0.999383867,0.0350955576,0.0,0.0095583098,-0.0350983,0.99933815,-0.0,5.62172136e-06,0.0407921113,4.46091735e-06,1.0}
GlobalTransform:{162.218613,-0.0186038,-0.0219924,0.0,0.0193641987,162.118668,5.69358873,0.0,0.0213259794,-5.69359,162.118668,0.0,-0.00232085,112.063499,-1.3231,1.0}
Parent:"Hips"
<NODE-3>

<NODE-4>

Name:"Chest"
Transform:{1.0,0.000119342614,0.000131697743,0.0,-0.000133113,0.993924737,0.110062122,0.0,-0.000117763,-0.110062,0.993924737,-0.0,-4.57088e-07,0.123164482,0.000483471667,1.0}
GlobalTransform:{162.218613,-5.93377e-06,3.77911056e-05,0.0,4.12000901e-07,160.507111,23.5021267,0.0,-3.81234e-05,-23.5021,160.507111,0.0,2.92675537e-07,132.028015,-0.543473,1.0}
Parent:"Spine"
<NODE-4>

<NODE-5>

Name:"Neck"
Transform:{1.0,3.40819284e-08,-3.26557e-09,0.0,-3.41876e-08,0.988798976,-0.149253,0.0,-1.85785e-09,0.149253249,0.988798976,-0.0,1.43978063e-09,0.15165174,0.00610806048,1.0}
GlobalTransform:{162.218613,-3.86633e-07,3.80679558e-05,0.0,5.5156454e-07,162.217041,-0.717329,0.0,-3.79363e-05,0.717330873,162.217041,0.0,3.55855462e-07,156.225647,4.00105286,1.0}
Parent:"Chest"
<NODE-5>

<NODE-6>

Name:"Head"
Transform:{1.0,0.0,-0.0,0.0,0.0,0.999990225,0.00442198059,0.0,-0.0,-0.00442198,0.999990225,-0.0,3.33067e-16,0.054065872,-4.65662e-10,1.0}
GlobalTransform:{162.218613,-3.86633e-07,3.80679558e-05,0.0,3.83805798e-07,162.218628,-1.34758e-06,0.0,-3.79383e-05,3.25491351e-06,162.218628,0.0,3.85676344e-07,164.996048,3.96226978,1.0}
Parent:"Neck"
<NODE-6>

<NODE-7>

Name:"Head_end"
Transform:{1.0,0.0,-0.0,0.0,0.0,1.0,-0.0,0.0,-0.0,-0.0,1.0,-0.0,0.0,0.115360975,-0.0,1.0}
GlobalTransform:{162.218613,-3.86633e-07,3.80679558e-05,0.0,3.83805798e-07,162.218628,-1.34758e-06,0.0,-3.79383e-05,3.25491351e-06,162.218628,0.0,4.29952564e-07,183.709747,3.96226954,1.0}
Parent:"Head"
<NODE-7>

<NODE-8>

Name:"shoulder.L"
Transform:{0.00470924005,0.128535584,0.991693735,0.0,0.980203807,-0.196889,0.0208644979,0.0,0.197935149,0.971963644,-0.126918,-0.0,0.0451692306,0.127461269,0.0135092027,1.0}
GlobalTransform:{0.763888657,-2.67603,162.194763,0.0,159.007294,-32.0924,-1.27837,0.0,32.1087723,158.989929,2.47193766,0.0,7.32728958,152.168961,4.62046337,1.0}
Parent:"Chest"
<NODE-8>

<NODE-9>

Name:"upper_arm.L"
Transform:{0.999602795,-0.0141236,-0.0243888,0.0,0.0178439897,0.986989677,0.159790769,0.0,0.021814635,-0.160162,0.986849606,-0.0,-4.65661e-10,0.049832318,5.41040208e-08,1.0}
GlobalTransform:{-2.26526,-6.09928,162.088104,0.0,162.08287,-6.3175,2.02745986,0.0,6.23618841,161.980774,6.18239641,0.0,15.2509937,150.569733,4.55675936,1.0}
Parent:"shoulder.L"
<NODE-9>

<NODE-10>

Name:"lower_arm.L"
Transform:{0.998677671,0.048069831,-0.018228,0.0,-0.0473265,0.998108983,0.0392262787,0.0,0.0200791694,-0.0383117,0.999064088,-0.0,1.39698386e-09,0.167300731,-2.93367e-08,1.0}
GlobalTransform:{5.41536188,-9.34749,161.858536,0.0,162.128204,0.337004483,-5.40492,0.0,-0.0248091,161.948746,9.35352898,0.0,42.3675766,149.512802,4.89595509,1.0}
Parent:"upper_arm.L"
<NODE-10>

<NODE-11>

Name:"hand.L"
Transform:{0.997572124,0.046669364,0.0516897775,0.0,-0.0441665,0.997843802,-0.0485494,0.0,-0.0538441,0.0461485498,0.997482419,-0.0,1.86264515e-09,0.159731269,-1.53523e-09,1.0}
GlobalTransform:{12.9673519,-0.93797,161.696808,0.0,161.540649,-7.11339,-12.9961,0.0,7.16564941,162.059891,0.365425676,0.0,68.2645187,149.566635,4.03261995,1.0}
Parent:"lower_arm.L"
<NODE-11>

<NODE-12>

Name:"Index ProximalRoot.L"
Transform:{0.994878173,0.0655312762,0.0769622177,0.0,-0.0635753,0.99759537,-0.0275982,0.0,-0.0785857,0.0225639939,0.996651947,-0.0,-0.0133865,0.045374658,0.00240067579,1.0}
GlobalTransform:{24.0383854,11.0731726,160.045105,0.0,160.130035,-11.5092,-23.2549,0.0,9.76761246,161.430511,-12.6361,0.0,75.4379883,149.645477,1.27924705,1.0}
Parent:"hand.L"
<NODE-12>

<NODE-13>

Name:"Index Proximal.L"
Transform:{0.999266863,0.0327258594,-0.0198689,0.0,-0.0323801,0.999322712,0.0174829792,0.0,0.020427594,-0.0168268,0.999649763,-0.0,-9.77889e-09,0.0172977652,4.22005542e-08,1.0}
GlobalTransform:{29.0670834,7.48095798,159.417801,0.0,159.413986,-9.03769,-28.6423,0.0,7.56076097,161.793839,-8.97103,0.0,78.2078781,149.446396,0.876987934,1.0}
Parent:"Index ProximalRoot.L"
<NODE-13>

<NODE-14>

Name:"Index Intermediate.L"
Transform:{0.999327719,0.0334865004,0.0149268219,0.0,-0.033315,0.999377668,-0.0115948,0.0,-0.0153058,0.0110897115,0.999821365,-0.0,2.56113708e-09,0.0184624214,-9.21136e-09,1.0}
GlobalTransform:{34.4986153,9.58835602,158.21759,0.0,158.258743,-11.1573,-33.8315,0.0,8.88237,161.550201,-11.7271,0.0,81.1510468,149.279541,0.34818235,1.0}
Parent:"Index Proximal.L"
<NODE-14>

<NODE-15>

Name:"Index Distal.L"
Transform:{-0.997676,0.0042540431,0.0680011213,0.0,0.00649472978,0.999441981,0.0327637009,0.0,-0.0678238,0.0331292115,-0.997147,-0.0,8.96397978e-09,0.0152531648,-3.61615e-08,1.0}
GlobalTransform:{-33.1412,1.37205744,-158.791,0.0,158.685516,-5.79578,-33.1692,0.0,-5.95387,-162.109,-0.158102,0.0,83.5649948,149.109344,-0.167853,1.0}
Parent:"Index Intermediate.L"
<NODE-15>

<NODE-16>

Name:"Index Distal.L_end"
Transform:{1.0,0.0,-0.0,0.0,0.0,1.0,-0.0,0.0,-0.0,-0.0,1.0,-0.0,0.0,0.0126421768,-0.0,1.0}
GlobalTransform:{-33.1412,1.37205744,-158.791,0.0,158.685516,-5.79578,-33.1692,0.0,-5.95387,-162.109,-0.158102,0.0,85.5711288,149.036072,-0.587184,1.0}
Parent:"Index Distal.L"
<NODE-16>

<NODE-17>

Name:"Thumb ProximalRoot.L"
Transform:{0.0970531702,0.416419119,0.903977752,0.0,-0.511834,0.799841046,-0.313497,0.0,-0.853585,-0.432261,0.29076457,-0.0,-0.0156471,0.00967098493,-0.00352909,1.0}
GlobalTransform:{75.0047226,143.445358,10.611701,0.0,120.323303,-56.0147,-93.2713,0.0,-78.8129,50.9967499,-132.298,0.0,69.598587,148.940598,1.37556267,1.0}
Parent:"hand.L"
<NODE-17>

<NODE-18>

Name:"Thumb Proximal.L"
Transform:{0.962518692,-0.100434,0.251934111,0.0,0.190618917,0.911295593,-0.364972,0.0,-0.192931,0.399316162,0.896283686,-0.0,-3.14321e-09,0.021277912,-2.09548e-08,1.0}
GlobalTransform:{40.2532158,156.54245,-13.7488,0.0,152.711945,-42.315,-34.6898,0.0,-37.0624,-4.33505,-157.869,0.0,72.1588135,147.748718,-0.609053,1.0}
Parent:"Thumb ProximalRoot.L"
<NODE-18>

<NODE-19>

Name:"Thumb Intermediate.L"
Transform:{0.987847269,-0.150856,-0.0374178,0.0,0.148305207,0.986898839,-0.0635315,0.0,0.0465117171,0.0572101288,0.997278154,-0.0,-1.61235e-08,0.0191873461,9.31322575e-09,1.0}
GlobalTransform:{18.1132336,161.18573,-2.44141,0.0,159.035629,-18.2691,-26.2447,0.0,-26.3526,0.536965072,-160.063,0.0,75.0889511,146.936798,-1.27466,1.0}
Parent:"Thumb Proximal.L"
<NODE-19>

<NODE-20>

Name:"Thumb Distal.L"
Transform:{-0.0187577,-0.144648,0.989305377,0.0,0.119290069,0.982087731,0.145854473,0.0,-0.992682,0.120750196,-0.00116661,-0.0,-2.82598e-08,0.0214521755,-3.49246e-09,1.0}
GlobalTransform:{-49.4147,0.150347635,-154.509,0.0,154.504028,1.36428082,-49.4118,0.0,1.2536428,-162.213,-0.558782,0.0,78.5006104,146.544876,-1.83767,1.0}
Parent:"Thumb Intermediate.L"
<NODE-20>

<NODE-21>

Name:"Thumb Distal.L_end"
Transform:{1.0,0.0,-0.0,0.0,0.0,1.0,-0.0,0.0,-0.0,-0.0,1.0,-0.0,0.0,0.0121333189,-0.0,1.0}
GlobalTransform:{-49.4147,0.150347635,-154.509,0.0,154.504028,1.36428082,-49.4118,0.0,1.2536428,-162.213,-0.558782,0.0,80.3752594,146.561432,-2.43719,1.0}
Parent:"Thumb Distal.L"
<NODE-21>

<NODE-22>

Name:"Middle ProximalRoot.L"
Transform:{0.998109698,-0.0543523,-0.0286857,0.0,0.0537923053,0.998352885,-0.0199469,0.0,0.0297226105,0.0183661208,0.99938941,-0.0,-0.00292551,0.0464487821,0.00459868042,1.0}
GlobalTransform:{3.95717597,-5.19837,162.087036,0.0,161.829178,-10.3847,-4.28394,0.0,10.5135727,161.802414,4.93256569,0.0,75.7629013,149.984238,2.95760179,1.0}
Parent:"hand.L"
<NODE-22>

<NODE-23>

Name:"Middle Proximal.L"
Transform:{0.998816967,-0.0446003,0.0193760917,0.0,0.0448236614,0.998931527,-0.0112525,0.0,-0.0188535,0.0121076768,0.999748886,-0.0,-9.40418e-10,0.0162137374,2.59024091e-08,1.0}
GlobalTransform:{-3.06142,-1.59396,162.181915,0.0,161.715332,-12.4273,2.93047261,0.0,12.3957014,161.734055,1.82354629,0.0,78.3867569,149.815872,2.88814306,1.0}
Parent:"Middle ProximalRoot.L"
<NODE-23>

<NODE-24>

Name:"Middle Intermediate.L"
Transform:{0.998610318,0.0428702757,-0.0306512,0.0,-0.0425062,0.999018788,0.0124329356,0.0,0.0311541483,-0.0111128,0.999452829,-0.0,-8.73115e-10,0.0218528751,1.3387762e-09,1.0}
GlobalTransform:{3.49567437,-7.08185,162.026276,0.0,161.840897,-10.3365,-3.94347,0.0,10.4964342,161.734009,6.84262228,0.0,81.9207001,149.544296,2.95218229,1.0}
Parent:"Middle Proximal.L"
<NODE-24>

<NODE-25>

Name:"Middle Distal.L"
Transform:{-0.998598,0.0341078378,-0.0404854,0.0,0.0336599909,0.999364913,0.0116927074,0.0,0.0408585332,0.0103135724,-0.999112,-0.0,0.0,0.0172191337,-1.47265e-08,1.0}
GlobalTransform:{1.60431767,0.17149429,-162.211,0.0,161.978516,-8.67724,1.59284925,0.0,-8.67512,-161.986,-0.257059,0.0,84.7074585,149.366302,2.88427901,1.0}
Parent:"Middle Intermediate.L"
<NODE-25>

<NODE-26>

Name:"Middle Distal.L_end"
Transform:{1.0,0.0,-0.0,0.0,0.0,1.0,-0.0,0.0,-0.0,-0.0,1.0,-0.0,0.0,0.0147833861,-0.0,1.0}
GlobalTransform:{1.60431767,0.17149429,-162.211,0.0,161.978516,-8.67724,1.59284925,0.0,-8.67512,-161.986,-0.257059,0.0,87.1020508,149.238022,2.90782666,1.0}
Parent:"Middle Distal.L"
<NODE-26>

<NODE-27>

Name:"Ring ProximalRoot.L"
Transform:{0.988367677,-0.141979,-0.0545085,0.0,0.138340697,0.988212049,-0.0655648,0.0,0.0631748065,0.0572614297,0.996358395,-0.0,0.00820203684,0.0451254062,0.00390326837,1.0}
GlobalTransform:{-10.5094,-8.75075,161.641159,0.0,160.96051,-17.7847,9.50239086,0.0,17.2088127,161.003159,9.83508396,0.0,75.6884308,149.870514,4.77383518,1.0}
Parent:"hand.L"
<NODE-27>

<NODE-28>

Name:"Ring Proximal.L"
Transform:{0.99854219,-0.0459268,-0.0283585,0.0,0.0465353802,0.998691976,0.021185806,0.0,0.0273484401,-0.0224746,0.999373257,-0.0,-5.58794e-09,0.0161843859,-2.14204e-08,1.0}
GlobalTransform:{-18.3745,-12.487,160.690201,0.0,160.625488,-14.7577,17.2203579,0.0,13.293087,161.062637,14.0359907,0.0,78.2934799,149.582672,4.92762423,1.0}
Parent:"Ring ProximalRoot.L"
<NODE-28>

<NODE-29>

Name:"Ring Intermediate.L"
Transform:{0.999884546,0.0148542626,-0.00320301,0.0,-0.0148524,0.999889493,0.000608868257,0.0,0.00321169663,-0.000561226,0.999994695,-0.0,-3.72529e-09,0.0198323429,-8.77772e-08,1.0}
GlobalTransform:{-16.029,-13.2207,160.882492,0.0,160.888733,-14.4725,14.8403683,0.0,13.143856,161.029968,14.5423403,0.0,81.4790573,149.289978,5.26914263,1.0}
Parent:"Ring Proximal.L"
<NODE-29>

<NODE-30>

Name:"Ring Distal.L"
Transform:{-0.995441,0.0100764418,-0.0948474,0.0,0.0106301047,0.999929309,-0.00533395,0.0,0.0947869271,-0.00631787,-0.995477,-0.0,-7.45058e-09,0.0152298491,1.02445483e-08,1.0}
GlobalTransform:{16.3304787,-2.25871,-161.379,0.0,160.636856,-15.471,16.4719486,0.0,-15.6202,-161.463,0.679225028,0.0,83.9293671,149.069565,5.4951582,1.0}
Parent:"Ring Intermediate.L"
<NODE-30>

<NODE-31>

Name:"Ring Distal.L_end"
Transform:{1.0,0.0,-0.0,0.0,0.0,1.0,-0.0,0.0,-0.0,-0.0,1.0,-0.0,0.0,0.0127001181,-0.0,1.0}
GlobalTransform:{16.3304787,-2.25871,-161.379,0.0,160.636856,-15.471,16.4719486,0.0,-15.6202,-161.463,0.679225028,0.0,85.9694748,148.873077,5.70435381,1.0}
Parent:"Ring Distal.L"
<NODE-31>

<NODE-32>

Name:"Little ProximalRoot.L"
Transform:{0.968691766,-0.24706,-0.0244483,0.0,0.24404411,0.965673149,-0.0889826,0.0,0.0455930755,0.0802302212,0.995733082,-0.0,0.018346712,0.0420624129,0.000918625447,1.0}
GlobalTransform:{-27.524,-3.11326,159.836243,0.0,158.522461,-21.5186,26.8786564,0.0,20.6867371,160.754913,6.69344139,0.0,75.3038025,149.399094,6.45291328,1.0}
Parent:"hand.L"
<NODE-32>

<NODE-33>

Name:"Little Proximal.L"
Transform:{0.999079585,-0.033356,0.0269688796,0.0,0.0322577246,0.998671591,0.0401807874,0.0,-0.0282733,-0.0392738,0.998828411,-0.0,3.7252903e-09,0.0128922071,4.64497134e-08,1.0}
GlobalTransform:{-32.2285,1.94275928,158.973083,0.0,158.255219,-15.1312,32.2678528,0.0,15.2149096,161.49971,1.11086965,0.0,77.3475113,149.121674,6.79943943,1.0}
Parent:"Little ProximalRoot.L"
<NODE-33>

<NODE-34>

Name:"Little Intermediate.L"
Transform:{0.999974549,-0.00702066,-0.00128009,0.0,0.00696818437,0.999283612,-0.0371998,0.0,0.00154033559,0.037189927,0.999307036,-0.0,-4.65661e-09,0.0149432095,-3.34112e-08,1.0}
GlobalTransform:{-33.3582,1.84220731,158.741074,0.0,157.351288,-21.1146,33.3111649,0.0,21.0402241,160.828064,2.5550108,0.0,79.7123489,148.895554,7.28162384,1.0}
Parent:"Little Proximal.L"
<NODE-34>

<NODE-35>

Name:"Little Distal.L"
Transform:{-0.999554,0.020264063,-0.0219472,0.0,0.0202022009,0.999791324,0.00303676864,0.0,0.0220041592,0.00259203161,-0.999755,-0.0,1.86264515e-09,0.0113034854,-5.64614e-08,1.0}
GlobalTransform:{36.0700798,-5.79898,-158.051,0.0,156.708435,-20.5846,36.5188904,0.0,-21.3612,-160.803,1.0249238,0.0,81.4909668,148.656876,7.65815639,1.0}
Parent:"Little Intermediate.L"
<NODE-35>

<NODE-36>

Name:"Little Distal.L_end"
Transform:{1.0,0.0,-0.0,0.0,0.0,1.0,-0.0,0.0,-0.0,-0.0,1.0,-0.0,0.0,0.00904633757,-0.0,1.0}
GlobalTransform:{36.0700798,-5.79898,-158.051,0.0,156.708435,-20.5846,36.5188904,0.0,-21.3612,-160.803,1.0249238,0.0,82.9086075,148.470657,7.98851871,1.0}
Parent:"Little Distal.L"
<NODE-36>

<NODE-37>

Name:"shoulder.R"
Transform:{0.00470881723,-0.128535,-0.991694,0.0,-0.980204,-0.196888,0.0208648127,0.0,-0.197935,0.971963763,-0.126918,-0.0,-0.0451692,0.127461269,0.0135092251,1.0}
GlobalTransform:{0.763895571,2.67607069,-162.195,0.0,-159.007,-32.0923,-1.27838,0.0,-32.1087,158.989944,2.47197318,0.0,-7.32729,152.168961,4.62046337,1.0}
Parent:"Chest"
<NODE-37>

<NODE-38>

Name:"upper_arm.R"
Transform:{0.999602795,0.0141235953,0.0243887845,0.0,-0.017844,0.986989677,0.159790665,0.0,-0.0218147,-0.160162,0.986849606,-0.0,2.32831e-10,0.0498323403,-8.76025e-09,1.0}
GlobalTransform:{-2.26525,6.09932041,-162.088,0.0,-162.083,-6.31744,2.02745914,0.0,-6.23613,161.980774,6.18243742,0.0,-15.251,150.569717,4.55675888,1.0}
Parent:"shoulder.R"
<NODE-38>

<NODE-39>

Name:"lower_arm.R"
Transform:{0.998677671,-0.0480698,0.0182280391,0.0,0.047326494,0.998108983,0.0392263047,0.0,-0.0200792,-0.0383118,0.999064088,-0.0,1.16415322e-09,0.167300776,-1.87429e-08,1.0}
GlobalTransform:{5.41536427,9.3475256,-161.859,0.0,-162.128,0.337074429,-5.40492,0.0,0.0248743035,161.94873,9.35356998,0.0,-42.3676,149.512802,4.89595413,1.0}
Parent:"upper_arm.R"
<NODE-39>

<NODE-40>

Name:"hand.R"
Transform:{0.997572124,-0.0466694,-0.0516898,0.0,0.044166483,0.997843802,-0.0485494,0.0,0.0538440906,0.0461485311,0.997482419,-0.0,9.31323e-10,0.159731314,3.7835e-10,1.0}
GlobalTransform:{12.9673529,0.938006043,-161.697,0.0,-161.541,-7.11331,-12.9961,0.0,-7.16558,162.059875,0.365467578,0.0,-68.2645,149.56665,4.032619,1.0}
Parent:"lower_arm.R"
<NODE-40>

<NODE-41>

Name:"Index ProximalRoot.R"
Transform:{0.994878173,-0.0655312,-0.0769622,0.0,0.0635752603,0.99759537,-0.0275982,0.0,0.0785856918,0.0225639828,0.996651947,-0.0,0.0133865122,0.0453746878,0.00240067393,1.0}
GlobalTransform:{24.038372,-11.0731,-160.045,0.0,-160.13,-11.5091,-23.2549,0.0,-9.76754,161.430496,-12.6361,0.0,-75.438,149.645493,1.27924633,1.0}
Parent:"hand.R"
<NODE-41>

<NODE-42>

Name:"Index Proximal.R"
Transform:{0.999266863,-0.0327259,0.0198688842,0.0,0.0323801115,0.999322712,0.0174829885,0.0,-0.0204276,-0.0168268,0.999649763,-0.0,-1.86265e-09,0.0172977857,-1.98197e-08,1.0}
GlobalTransform:{29.0670776,-7.48093,-159.418,0.0,-159.414,-9.03761,-28.6423,0.0,-7.56069,161.793823,-8.97099,0.0,-78.2079,149.446411,0.876989484,1.0}
Parent:"Index ProximalRoot.R"
<NODE-42>

<NODE-43>

Name:"Index Intermediate.R"
Transform:{0.999327719,-0.0334865,-0.0149268,0.0,0.0333149917,0.999377668,-0.0115948,0.0,0.0153057994,0.0110897245,0.999821365,-0.0,-5.58794e-09,0.0184624381,-2.62298e-08,1.0}
GlobalTransform:{34.4986115,-9.58833,-158.218,0.0,-158.259,-11.1572,-33.8315,0.0,-8.8823,161.550201,-11.727,0.0,-81.1511,149.279556,0.348184019,1.0}
Parent:"Index Proximal.R"
<NODE-43>

<NODE-44>

Name:"Index Distal.R"
Transform:{-0.997676,-0.0042542,-0.0679985,0.0,-0.00649479,0.999441981,0.0327634551,0.0,0.0678211749,0.0331289619,-0.997147,-0.0,1.51339918e-08,0.0152531872,-3.99887e-08,1.0}
GlobalTransform:{-33.1412,-1.37165,158.791275,0.0,-158.686,-5.79573,-33.1692,0.0,5.95374966,-162.109,-0.157717,0.0,-83.565,149.10936,-0.167855,1.0}
Parent:"Index Intermediate.R"
<NODE-44>

<NODE-45>

Name:"Index Distal.R_end"
Transform:{1.0,0.0,-0.0,0.0,0.0,1.0,-0.0,0.0,-0.0,-0.0,1.0,-0.0,0.0,0.0126421768,-0.0,1.0}
GlobalTransform:{-33.1412,-1.37165,158.791275,0.0,-158.686,-5.79573,-33.1692,0.0,5.95374966,-162.109,-0.157717,0.0,-85.5711,149.036087,-0.587186,1.0}
Parent:"Index Distal.R"
<NODE-45>

<NODE-46>

Name:"Thumb ProximalRoot.R"
Transform:{0.0970532298,-0.416419,-0.903978,0.0,0.511833906,0.799841225,-0.313496,0.0,0.853584588,-0.432261,0.290764511,-0.0,0.0156470798,0.00967098307,-0.00352915,1.0}
GlobalTransform:{75.0046234,-143.445,-10.6117,0.0,-120.323,-56.0146,-93.2713,0.0,78.812912,50.9967346,-132.298,0.0,-69.5986,148.940598,1.37556159,1.0}
Parent:"hand.R"
<NODE-46>

<NODE-47>

Name:"Thumb Proximal.R"
Transform:{0.962518632,0.100434192,-0.251934,0.0,-0.190619,0.911295593,-0.364972,0.0,0.192930907,0.399316102,0.896283627,-0.0,-7.09842e-08,0.0212778877,-2.79397e-08,1.0}
GlobalTransform:{40.2530937,-156.542,13.7487516,0.0,-152.712,-42.3149,-34.6898,0.0,37.0623856,-4.33505,-157.869,0.0,-72.1588,147.748734,-0.60905,1.0}
Parent:"Thumb ProximalRoot.R"
<NODE-47>

<NODE-48>

Name:"Thumb Intermediate.R"
Transform:{0.987847269,0.150856405,0.0374177843,0.0,-0.148305,0.986898839,-0.0635316,0.0,-0.0465117,0.0572103076,0.997278154,-0.0,-6.69388e-09,0.0191874243,-7.91624e-09,1.0}
GlobalTransform:{18.1131229,-161.186,2.44139242,0.0,-159.036,-18.269,-26.2447,0.0,26.3525677,0.536966562,-160.063,0.0,-75.089,146.936829,-1.27466,1.0}
Parent:"Thumb Proximal.R"
<NODE-48>

<NODE-49>

Name:"Thumb Distal.R"
Transform:{-0.0187577,0.144647986,-0.989305,0.0,-0.11929,0.982087791,0.145854473,0.0,0.992682219,0.120750077,-0.00116661,-0.0,9.70612746e-09,0.0214522239,5.12227416e-09,1.0}
GlobalTransform:{-49.4147,-0.150336,154.509079,0.0,-154.504,1.3643713,-49.4118,0.0,-1.25373,-162.213,-0.558795,0.0,-78.5007,146.544922,-1.83767,1.0}
Parent:"Thumb Intermediate.R"
<NODE-49>

<NODE-50>

Name:"Thumb Distal.R_end"
Transform:{1.0,0.0,-0.0,0.0,0.0,1.0,-0.0,0.0,-0.0,-0.0,1.0,-0.0,0.0,0.0121333189,-0.0,1.0}
GlobalTransform:{-49.4147,-0.150336,154.509079,0.0,-154.504,1.3643713,-49.4118,0.0,-1.25373,-162.213,-0.558795,0.0,-80.3753,146.561478,-2.43719,1.0}
Parent:"Thumb Distal.R"
<NODE-50>

<NODE-51>

Name:"Middle ProximalRoot.R"
Transform:{0.998109698,0.0543523803,0.0286856778,0.0,-0.0537923,0.998352885,-0.0199469,0.0,-0.0297226,0.0183661114,0.99938941,-0.0,0.00292550726,0.0464488082,0.00459861849,1.0}
GlobalTransform:{3.95717311,5.19840479,-162.087,0.0,-161.829,-10.3846,-4.28393,0.0,-10.5135,161.802399,4.93260431,0.0,-75.7629,149.984238,2.95760131,1.0}
Parent:"hand.R"
<NODE-51>

<NODE-52>

Name:"Middle Proximal.R"
Transform:{0.998816967,0.044600226,-0.0193761,0.0,-0.0448236,0.998931527,-0.0112525,0.0,0.0188535172,0.0121076796,0.999748886,-0.0,1.45337253e-09,0.0162137356,2.20024958e-08,1.0}
GlobalTransform:{-3.06142,1.59400082,-162.182,0.0,-161.715,-12.4272,2.93046832,0.0,-12.3956,161.734039,1.8235867,0.0,-78.3868,149.815872,2.88814259,1.0}
Parent:"Middle ProximalRoot.R"
<NODE-52>

<NODE-53>

Name:"Middle Intermediate.R"
Transform:{0.998610318,-0.0428703,0.0306512173,0.0,0.0425062142,0.999018788,0.0124329459,0.0,-0.0311541,-0.0111128,0.999452829,-0.0,1.92085281e-09,0.0218528714,1.09139364e-09,1.0}
GlobalTransform:{3.49568152,7.08189011,-162.026,0.0,-161.841,-10.3365,-3.94347,0.0,-10.4964,161.733978,6.84266233,0.0,-81.9207,149.544296,2.95218134,1.0}
Parent:"Middle Proximal.R"
<NODE-53>

<NODE-54>

Name:"Middle Distal.R"
Transform:{-0.998598,-0.0341078,0.0404854342,0.0,-0.03366,0.999364913,0.0116929831,0.0,-0.0408585,0.010313849,-0.999112,-0.0,-6.51926e-09,0.0172191411,-1.851e-08,1.0}
GlobalTransform:{1.60431159,-0.171535,162.210602,0.0,-161.979,-8.67712,1.59284127,0.0,8.67500687,-161.986,-0.257099,0.0,-84.7075,149.366302,2.88427901,1.0}
Parent:"Middle Intermediate.R"
<NODE-54>

<NODE-55>

Name:"Middle Distal.R_end"
Transform:{1.0,0.0,-0.0,0.0,0.0,1.0,-0.0,0.0,-0.0,-0.0,1.0,-0.0,0.0,0.0147833861,-0.0,1.0}
GlobalTransform:{1.60431159,-0.171535,162.210602,0.0,-161.979,-8.67712,1.59284127,0.0,8.67500687,-161.986,-0.257099,0.0,-87.1021,149.238022,2.90782666,1.0}
Parent:"Middle Distal.R"
<NODE-55>

<NODE-56>

Name:"Ring ProximalRoot.R"
Transform:{0.988367736,0.14197886,0.0545085147,0.0,-0.138341,0.988212109,-0.0655648,0.0,-0.0631748,0.0572614223,0.996358395,-0.0,-0.00820205,0.0451254286,0.00390320667,1.0}
GlobalTransform:{-10.5094,8.75079823,-161.641,0.0,-160.961,-17.7847,9.50236893,0.0,-17.2087,161.003143,9.83512306,0.0,-75.6885,149.870514,4.77383566,1.0}
Parent:"hand.R"
<NODE-56>

<NODE-57>

Name:"Ring Proximal.R"
Transform:{0.99854213,0.0459269099,0.0283585489,0.0,-0.0465355,0.998691916,0.0211857911,0.0,-0.0273485,-0.0224746,0.999373257,-0.0,3.7252903e-09,0.016184438,3.81842256e-08,1.0}
GlobalTransform:{-18.3745,12.4870625,-160.69,0.0,-160.625,-14.7576,17.2203503,0.0,-13.293,161.062622,14.0360327,0.0,-78.2935,149.582687,4.92762613,1.0}
Parent:"Ring ProximalRoot.R"
<NODE-57>

<NODE-58>

Name:"Ring Intermediate.R"
Transform:{0.999884546,-0.0148542,0.00320302998,0.0,0.0148523701,0.999889493,0.000608862843,0.0,-0.00321172,-0.00056122,0.999994695,-0.0,0.0,0.0198323745,-3.49246e-08,1.0}
GlobalTransform:{-16.029,13.2207232,-160.882,0.0,-160.889,-14.4725,14.8403635,0.0,-13.1438,161.029938,14.5423861,0.0,-81.4791,149.290009,5.26914597,1.0}
Parent:"Ring Proximal.R"
<NODE-58>

<NODE-59>

Name:"Ring Distal.R"
Transform:{-0.995441,-0.0100766,0.0948473811,0.0,-0.0106302,0.999929249,-0.00533389,0.0,-0.0947869,-0.00631782,-0.995477,-0.0,7.4505806e-09,0.01522977,8.38190317e-09,1.0}
GlobalTransform:{16.3304977,2.25865388,161.378723,0.0,-160.637,-15.4709,16.4719639,0.0,15.6201525,-161.463,0.679176211,0.0,-83.9294,149.069595,5.4951601,1.0}
Parent:"Ring Intermediate.R"
<NODE-59>

<NODE-60>

Name:"Ring Distal.R_end"
Transform:{1.0,0.0,-0.0,0.0,0.0,1.0,-0.0,0.0,-0.0,-0.0,1.0,-0.0,0.0,0.0127001181,-0.0,1.0}
GlobalTransform:{16.3304977,2.25865388,161.378723,0.0,-160.637,-15.4709,16.4719639,0.0,15.6201525,-161.463,0.679176211,0.0,-85.9695,148.873108,5.70435619,1.0}
Parent:"Ring Distal.R"
<NODE-60>

<NODE-61>

Name:"Little ProximalRoot.R"
Transform:{0.968691826,0.247059643,0.0244482905,0.0,-0.244044,0.965673208,-0.0889825,0.0,-0.045593,0.0802301839,0.995733082,-0.0,-0.0183467,0.0420624353,0.000918563746,1.0}
GlobalTransform:{-27.524,3.1133132,-159.836,0.0,-158.522,-21.5185,26.878624,0.0,-20.6867,160.754913,6.69347858,0.0,-75.3038,149.399094,6.45291376,1.0}
Parent:"hand.R"
<NODE-61>

<NODE-62>

Name:"Little Proximal.R"
Transform:{0.999079585,0.0333560742,-0.0269689,0.0,-0.0322578,0.998671591,0.0401807725,0.0,0.0282733049,-0.0392738,0.998828411,-0.0,-1.30385e-08,0.0128921922,-6.63567e-09,1.0}
GlobalTransform:{-32.2284,-1.9427,-158.973,0.0,-158.255,-15.1311,32.2678375,0.0,-15.2148,161.49971,1.11091125,0.0,-77.3475,149.121674,6.79944038,1.0}
Parent:"Little ProximalRoot.R"
<NODE-62>

<NODE-63>

Name:"Little Intermediate.R"
Transform:{0.999974549,0.00702067791,0.00128007762,0.0,-0.00696821,0.999283612,-0.0371998,0.0,-0.00154033,0.0371899121,0.999307036,-0.0,1.86264515e-09,0.0149432272,-3.00934e-08,1.0}
GlobalTransform:{-33.3582,-1.84215,-158.741,0.0,-157.351,-21.1145,33.3111534,0.0,-21.0401,160.828064,2.55505013,0.0,-79.7124,148.895554,7.28162575,1.0}
Parent:"Little Proximal.R"
<NODE-63>

<NODE-64>

Name:"Little Distal.R"
Transform:{-0.999554,-0.0202632,0.0219443422,0.0,-0.0202013,0.999791384,0.00303740939,0.0,-0.0220013,0.00259275036,-0.999755,-0.0,-6.51926e-09,0.011303491,-5.7451e-08,1.0}
GlobalTransform:{36.0699997,5.79844332,158.051331,0.0,-156.708,-20.5844,36.5187378,0.0,21.3609371,-160.803,1.02445614,0.0,-81.491,148.656876,7.65815878,1.0}
Parent:"Little Intermediate.R"
<NODE-64>

<NODE-65>

Name:"Little Distal.R_end"
Transform:{1.0,0.0,-0.0,0.0,0.0,1.0,-0.0,0.0,-0.0,-0.0,1.0,-0.0,0.0,0.00904633757,-0.0,1.0}
GlobalTransform:{36.0699997,5.79844332,158.051331,0.0,-156.708,-20.5844,36.5187378,0.0,21.3609371,-160.803,1.02445614,0.0,-82.9086,148.470657,7.98851967,1.0}
Parent:"Little Distal.R"
<NODE-65>

<NODE-66>

Name:"upper_leg.L"
Transform:{0.999991477,0.0,-0.0041305,0.0,1.60847713e-09,-1.0,3.89411042e-07,0.0,-0.0041305,-3.89414e-07,-0.999991,-0.0,0.0492982827,-0.0445191,0.00280682649,1.0}
GlobalTransform:{162.216339,-2.49296e-07,0.86012584,0.0,-5.84239e-07,-162.219,6.31681905e-05,0.0,0.86012584,-6.31704e-05,-162.216,0.0,7.98922253,98.2244263,-0.793099,1.0}
Parent:"Hips"
<NODE-66>

<NODE-67>

Name:"lower_leg.L"
Transform:{0.999932885,0.0104933735,0.00490692304,0.0,-0.0101103,0.997319162,-0.0724724,0.0,-0.00565425,0.072417967,0.997358382,-0.0,1.09615961e-09,0.279687941,2.44377e-10,1.0}
GlobalTransform:{162.209671,-1.70222,0.0640856847,0.0,-1.70239,-161.784,11.7475815,0.0,-0.059358,-11.7476,-161.793,0.0,7.98922253,52.8538361,-0.793082,1.0}
Parent:"upper_leg.L"
<NODE-67>

<NODE-68>

Name:"foot.L"
Transform:{0.999320745,0.0211958569,-0.030145,0.0,0.0110739395,0.607489288,0.794250607,0.0,0.0351475775,-0.794045,0.606841981,-0.0,6.63931e-11,0.247019842,1.42972567e-09,1.0}
GlobalTransform:{162.065201,-4.77608,5.19028044,0.0,0.714969754,-107.631,-121.367,0.0,7.01703215,121.27478,-107.508,0.0,7.56869793,12.8900461,2.10880399,1.0}
Parent:"lower_leg.L"
<NODE-68>

<NODE-69>

Name:"toe.L"
Transform:{-0.998352,0.00677235099,-0.0569892,0.0,-0.0307059,0.775892317,0.630117655,0.0,0.0484848656,0.630828977,-0.774406,-0.0,-0.000355165,0.117563754,0.00235645007,1.0}
GlobalTransform:{-162.193,-2.87206,0.123157136,0.0,-6.23082e-05,-6.94624,-162.07,0.0,2.87470412,-162.044,6.94516659,0.0,7.61172771,0.523984015,-12.4147,1.0}
Parent:"foot.L"
<NODE-69>

<NODE-70>

Name:"toe.L_end"
Transform:{1.0,0.0,-0.0,0.0,0.0,1.0,-0.0,0.0,-0.0,-0.0,1.0,-0.0,0.0,0.0683884174,-0.0,1.0}
GlobalTransform:{-162.193,-2.87206,0.123157136,0.0,-6.23082e-05,-6.94624,-162.07,0.0,2.87470412,-162.044,6.94516659,0.0,7.61172342,0.0489414632,-23.4984,1.0}
Parent:"toe.L"
<NODE-70>

<NODE-71>

Name:"upper_leg.R"
Transform:{0.99989146,0.0,-0.0147346,0.0,5.73786574e-09,-1.0,3.89372104e-07,0.0,-0.0147346,-3.89414e-07,-0.999891,-0.0,-0.0491968,-0.0445191,0.00373593927,1.0}
GlobalTransform:{162.216339,-2.49284e-07,-0.860133,0.0,8.56544489e-08,-162.219,6.31681978e-05,0.0,-0.860133,-6.31678e-05,-162.216,0.0,-7.98922,98.2244263,-0.793099,1.0}
Parent:"Hips"
<NODE-71>

<NODE-72>

Name:"lower_leg.R"
Transform:{0.999932885,-0.0104934,-0.00490697,0.0,0.0101103038,0.997319162,-0.0724725,0.0,0.00565429125,0.0724179745,0.997358382,-0.0,-9.22796e-10,0.279687941,6.99494e-11,1.0}
GlobalTransform:{162.209671,1.7022208,-0.0640858,0.0,1.70239246,-161.784,11.7475824,0.0,0.0593577027,-11.7476,-161.793,0.0,-7.98922,52.8538361,-0.793081,1.0}
Parent:"upper_leg.R"
<NODE-72>

<NODE-73>

Name:"foot.R"
Transform:{0.999320745,-0.0211959,0.0301449839,0.0,-0.0110739,0.607489288,0.794250607,0.0,-0.0351476,-0.794045,0.606841981,-0.0,-2.54659e-10,0.247019798,2.40106601e-09,1.0}
GlobalTransform:{162.065201,4.77607727,-5.19028,0.0,-0.71497,-107.631,-121.367,0.0,-7.01703,121.27478,-107.508,0.0,-7.5687,12.8900537,2.10880351,1.0}
Parent:"lower_leg.R"
<NODE-73>

<NODE-74>

Name:"toe.R"
Transform:{-0.998352,-0.00677271,0.0569901578,0.0,0.0307062082,0.775892556,0.630117416,0.0,-0.0484858,0.630828738,-0.774406,-0.0,0.000355175318,0.117563754,0.00235645566,1.0}
GlobalTransform:{-162.193,2.87221837,-0.123217,0.0,0.000113759423,-6.9463,-162.07,0.0,-2.87486,-162.044,6.94521332,0.0,-7.61173,0.523992419,-12.4147,1.0}
Parent:"foot.R"
<NODE-74>

<NODE-75>

Name:"toe.R_end"
Transform:{1.0,0.0,-0.0,0.0,0.0,1.0,-0.0,0.0,-0.0,-0.0,1.0,-0.0,0.0,0.0683884174,-0.0,1.0}
GlobalTransform:{-162.193,2.87221837,-0.123217,0.0,0.000113759423,-6.9463,-162.07,0.0,-2.87486,-162.044,6.94521332,0.0,-7.61172,0.0489462465,-23.4984,1.0}
Parent:"toe.R"
<NODE-75>

<NODE-76>

Name:"Body"
Transform:{15.000001,0.0,-0.0,0.0,0.0,-2.44381e-06,15.000001,0.0,-0.0,-15,-2.44381e-06,-0.0,0.0,0.0,-0.0,1.0}
GlobalTransform:{15.000001,0.0,0.0,0.0,0.0,-2.44381e-06,15.000001,0.0,0.0,-15,-2.44381e-06,0.0,0.0,0.0,0.0,1.0}
Parent:"RootNode"
<NODE-76>

<NODES>

<MESHS>

<MESH-0>

Name:"平面.009"
NodeName:"Body"
VertexNum:{8062.0}
Vertex:({0.0,0.77707386,-9.7793}|{0.0,0.99992013,0.0126357228}|{0.362423658,0.417844355}|{-0.99955,-0.0260278,0.0148976473}|{1.0,1.0,1.0,1.0}|{2.0,3.0,5.0,29.0}|{0.458758414,0.0823145807,0.229463503,0.229463503}|)
Vertex:({0.0,0.763173461,-10.0478}|{-1.52262e-07,0.977062881,-0.212951}|{0.36242342,0.398786545}|{-0.99955,-0.0260278,0.0148976473}|{1.0,1.0,1.0,1.0}|{2.0,3.0,5.0,29.0}|{0.32730186,0.15235281,0.237770975,0.237770975}|)
Vertex:({0.232540399,0.767419815,-10.1204}|{-0.112393,0.931978166,-0.344651}|{0.345570654,0.394083202}|{-0.999376,-0.0255838,0.0243393946}|{1.0,1.0,1.0,1.0}|{2.0,3.0,5.0,6.0}|{0.153945148,0.130997583,0.670960426,0.00626606122}|)
Vertex:({0.208684757,0.779382348,-9.81935}|{-0.134156,0.990067065,-0.0420649}|{0.3479819,0.415218592}|{-0.99955,-0.0260278,0.0148976473}|{1.0,1.0,1.0,1.0}|{2.0,3.0,5.0,6.0}|{0.276269674,0.0666605011,0.599386752,0.0225392915}|)
Vertex:({0.692234993,0.776143193,-10.3526}|{-0.0420666,0.729399681,-0.682793}|{0.313063949,0.382428408}|{-0.96906,0.209430188,-0.130622}|{1.0,1.0,1.0,1.0}|{2.0,3.0,5.0,6.0}|{0.00868803263,0.0649309158,0.807558954,0.0902810991}|)
Vertex:({0.467472911,0.640690446,-10.4345}|{0.153896675,0.60017544,-0.784924}|{0.327427536,0.371083856}|{-0.96906,0.209430188,-0.130622}|{1.0,1.0,1.0,1.0}|{2.0,3.0,5.0,6.0}|{0.0218384229,0.197502881,0.712301791,0.0195512287}|)
Vertex:({0.525624335,0.307590455,-10.4858}|{0.410102993,0.0264265463,-0.911656}|{0.316750526,0.351246595}|{-0.966883,0.220982671,-0.127691}|{1.0,1.0,1.0,1.0}|{2.0,3.0,5.0,6.0}|{0.00313553214,0.200054556,0.712248266,0.0233073793}|)
Vertex:({0.858787835,0.387303621,-10.4188}|{0.1830879,0.0460046008,-0.98202}|{0.299048305,0.360827088}|{-0.96906,0.209430188,-0.130622}|{1.0,1.0,1.0,1.0}|{3.0,5.0,6.0,0.0}|{0.0221408121,0.781785905,0.168045133,0.0}|)
Vertex:({0.904338479,-0.211448,-10.1442}|{0.242195562,-0.796085,-0.554608}|{0.194860309,0.403154552}|{0.965941072,0.240303874,-0.0959785}|{1.0,1.0,1.0,1.0}|{2.0,5.0,6.0,0.0}|{0.105756305,0.674964964,0.190190181,0.0}|)
Vertex:({1.14024079,-0.191818,-10.097}|{0.356094062,-0.854559,-0.378055}|{0.211246312,0.408660293}|{0.965941072,0.240303874,-0.0959785}|{1.0,1.0,1.0,1.0}|{2.0,5.0,6.0,0.0}|{0.0581677258,0.537617564,0.389108986,0.0}|)
Vertex:({1.13592803,-0.0369132,-10.3105}|{0.0633478388,-0.484973,-0.872232}|{0.214763224,0.389600337}|{0.978464901,0.201306999,-0.0456292}|{1.0,1.0,1.0,1.0}|{5.0,6.0,0.0,0.0}|{0.291621894,0.672951996,0.0,0.0}|)
Vertex:({0.869493961,0.00452571781,-10.3932}|{0.180023581,-0.458895,-0.870061}|{0.197245747,0.379925132}|{0.965941072,0.240303874,-0.0959785}|{1.0,1.0,1.0,1.0}|{2.0,3.0,5.0,6.0}|{0.0064714849,0.0237495936,0.749371827,0.178581387}|)
Vertex:({0.467472911,0.640690446,-10.4345}|{0.153896675,0.60017544,-0.784924}|{0.327427536,0.371083856}|{-0.717726,0.554429471,-0.42128}|{1.0,1.0,1.0,1.0}|{2.0,3.0,5.0,6.0}|{0.0218384229,0.197502881,0.712301791,0.0195512287}|)
Vertex:({0.335164607,0.459903717,-10.5957}|{0.564748049,0.675928891,-0.473476}|{0.334619194,0.351617515}|{-0.717726,0.554429471,-0.42128}|{1.0,1.0,1.0,1.0}|{3.0,4.0,5.0,0.0}|{0.649290264,0.0595298894,0.261336148,0.0}|)
Vertex:({0.423497558,0.283454984,-10.6029}|{0.848249137,0.0181977749,-0.529285}|{0.322973609,0.344617665}|{-0.718963,0.55106473,-0.42358}|{1.0,1.0,1.0,1.0}|{2.0,3.0,4.0,5.0}|{0.00509012118,0.566989243,0.0668852627,0.320295095}|)
Vertex:({0.525624335,0.307590455,-10.4858}|{0.410102993,0.0264265463,-0.911656}|{0.316750526,0.351246595}|{-0.717726,0.554429471,-0.42128}|{1.0,1.0,1.0,1.0}|{2.0,3.0,5.0,6.0}|{0.00313553214,0.200054556,0.712248266,0.0233073793}|)
Vertex:({2.30701971,0.56449163,-9.80386}|{0.0655439869,0.68141216,0.728959143}|{0.671428382,0.795533895}|{-0.203934,-0.359408,0.910624683}|{1.0,1.0,1.0,1.0}|{6.0,0.0,0.0,0.0}|{0.977806687,0.0,0.0,0.0}|)
Vertex:({2.31035519,0.661019444,-10.0088}|{0.0994997993,0.992933095,0.064681232}|{0.652438164,0.791660905}|{-0.203934,-0.359408,0.910624683}|{1.0,1.0,1.0,1.0}|{6.0,0.0,0.0,0.0}|{0.977033377,0.0,0.0,0.0}|)
Vertex:({2.72392774,0.616502881,-9.9934}|{-0.0170214,0.999819398,-0.00845199}|{0.647550225,0.828636944}|{-0.176835,-0.362815,0.914928913}|{1.0,1.0,1.0,1.0}|{6.0,7.0,0.0,0.0}|{0.762882769,0.236836821,0.0,0.0}|)
Vertex:({2.71977162,0.574393034,-9.85767}|{-0.0727034,0.720743239,0.689378977}|{0.660247564,0.830451488}|{-0.203934,-0.359408,0.910624683}|{1.0,1.0,1.0,1.0}|{6.0,7.0,0.0,0.0}|{0.774904072,0.224791184,0.0,0.0}|)
Vertex:({1.07216597,0.530200958,-9.43554}|{0.798017442,0.442717105,0.408864051}|{0.285051107,0.446338415}|{-0.345776,0.860349178,0.374483585}|{1.0,1.0,1.0,1.0}|{1.0,2.0,5.0,6.0}|{0.0330481716,0.300000012,0.42794171,0.333943933}|)
Vertex:({1.26168787,0.58743751,-9.73333}|{0.423050642,0.542918265,0.725443244}|{0.275582939,0.425903976}|{-0.345776,0.860349178,0.374483585}|{1.0,1.0,1.0,1.0}|{2.0,5.0,6.0,0.0}|{0.033723902,0.157414347,0.788720131,0.0}|)
Vertex:({1.18763721,0.168911248,-9.54765}|{0.819820702,-0.025194,0.57206583}|{0.260147482,0.449197173}|{-0.345776,0.860349178,0.374483585}|{1.0,1.0,1.0,1.0}|{1.0,2.0,5.0,6.0}|{0.00999135897,0.300000012,0.470895052,0.361147374}|)
Vertex:({1.26168787,0.58743751,-9.73333}|{0.423050642,0.542918265,0.725443244}|{0.275582939,0.425903976}|{-0.89347,0.449122667,0.000741172174}|{1.0,1.0,1.0,1.0}|{2.0,5.0,6.0,0.0}|{0.033723902,0.157414347,0.788720131,0.0}|)
Vertex:({0.923378944,0.682437181,-9.43745}|{0.486472994,0.784021318,0.385557503}|{0.298631787,0.443578124}|{-0.89347,0.449122667,0.000741172174}|{1.0,1.0,1.0,1.0}|{1.0,2.0,5.0,6.0}|{0.0243351199,0.300000012,0.434098482,0.313305557}|)
Vertex:({0.942290664,0.881180286,-9.96095}|{0.219768152,0.969980955,0.104109854}|{0.29921028,0.408092141}|{-0.909291,0.407134265,0.0862033367}|{1.0,1.0,1.0,1.0}|{2.0,5.0,6.0,0.0}|{0.0460675247,0.704154491,0.227393195,0.0}|)
Vertex:({1.38447249,0.793062568,-10.0237}|{0.229734153,0.960622847,0.156288445}|{0.272123873,0.403717577}|{-0.89347,0.449122667,0.000741172174}|{1.0,1.0,1.0,1.0}|{5.0,6.0,0.0,0.0}|{0.16042845,0.819367528,0.0,0.0}|)
Vertex:({0.987627804,-0.455859,-6.85362}|{0.744174421,-0.665892,0.0528482571}|{0.928177655,0.566574693}|{0.927572191,0.353673041,0.120521255}|{1.0,1.0,1.0,1.0}|{0.0,53.0,0.0,0.0}|{1.0,0.100000001,0.0,0.0}|)
Vertex:({0.691211641,-0.547095,-6.63378}|{0.313277543,-0.910081,0.2713117}|{0.903597653,0.587124348}|{0.927572191,0.353673041,0.120521255}|{1.0,1.0,1.0,1.0}|{0.0,0.0,0.0,0.0}|{1.0,0.0,0.0,0.0}|)
Vertex:({0.999401748,-0.419035,-6.46861}|{0.689201057,-0.724562,-0.00347941}|{0.933252871,0.597077489}|{0.927572191,0.353673041,0.120521255}|{1.0,1.0,1.0,1.0}|{0.0,53.0,0.0,0.0}|{0.200000003,0.800000012,0.0,0.0}|)
Vertex:({1.14024079,-0.191818,-10.097}|{0.356094062,-0.854559,-0.378055}|{0.211246312,0.408660293}|{0.921277881,0.382249922,-0.0716398}|{1.0,1.0,1.0,1.0}|{2.0,5.0,6.0,0.0}|{0.0581677258,0.537617564,0.389108986,0.0}|)
Vertex:({1.23237026,-0.132614,-9.77476}|{0.59672153,-0.69697,0.397688717}|{0.218582749,0.431227803}|{0.921277881,0.382249922,-0.0716398}|{1.0,1.0,1.0,1.0}|{2.0,5.0,6.0,0.0}|{0.080589965,0.26777795,0.633949161,0.0}|)
Vertex:({1.48798788,-0.0608816,-10.3336}|{0.131035104,-0.755547,-0.641856}|{0.238479555,0.394299269}|{0.921277881,0.382249922,-0.0716398}|{1.0,1.0,1.0,1.0}|{5.0,6.0,0.0,0.0}|{0.102282137,0.881381273,0.0,0.0}|)
Vertex:({0.86496383,0.106408507,-3.38098}|{0.996806502,-0.0235196,-0.0763124}|{0.372569799,0.823960543}|{-0.36489,0.921396255,-0.133732}|{1.0,1.0,1.0,1.0}|{54.0,0.0,0.0,0.0}|{1.0,0.0,0.0,0.0}|)
Vertex:({0.914458036,0.163677484,-2.97273}|{0.997775257,-0.014917,-0.0649769}|{0.372269809,0.851624727}|{-0.36489,0.921396255,-0.133732}|{1.0,1.0,1.0,1.0}|{53.0,54.0,0.0,0.0}|{0.0341841988,0.957734168,0.0,0.0}|)
Vertex:({0.77529484,0.52717787,-2.96447}|{0.622319579,0.767628253,-0.153184}|{0.395124733,0.855567217}|{-0.364656,0.921848118,-0.131233}|{1.0,1.0,1.0,1.0}|{53.0,54.0,0.0,0.0}|{0.0444031395,0.952377379,0.0,0.0}|)
Vertex:({0.751211405,0.413902432,-3.40713}|{0.589700758,0.784575582,-0.191557}|{0.396334946,0.825217009}|{-0.36489,0.921396255,-0.133732}|{1.0,1.0,1.0,1.0}|{54.0,0.0,0.0,0.0}|{1.0,0.0,0.0,0.0}|)
Vertex:({2.72766733,0.562660694,-10.1287}|{0.0280782096,0.70611006,-0.707545}|{0.634291947,0.827471554}|{-0.118716,0.338334948,0.933507442}|{1.0,1.0,1.0,1.0}|{6.0,7.0,0.0,0.0}|{0.690116286,0.309586227,0.0,0.0}|)
Vertex:({2.72392774,0.616502881,-9.9934}|{-0.0170214,0.999819398,-0.00845199}|{0.647550225,0.828636944}|{-0.118716,0.338334948,0.933507442}|{1.0,1.0,1.0,1.0}|{6.0,7.0,0.0,0.0}|{0.762882769,0.236836821,0.0,0.0}|)
Vertex:({2.31035519,0.661019444,-10.0088}|{0.0994997993,0.992933095,0.064681232}|{0.652438164,0.791660905}|{-0.147745,0.340583116,0.928533614}|{1.0,1.0,1.0,1.0}|{6.0,0.0,0.0,0.0}|{0.977033377,0.0,0.0,0.0}|)
Vertex:({2.31090713,0.608692527,-10.1795}|{0.154469267,0.717108905,-0.679628}|{0.637105286,0.789250553}|{-0.118716,0.338334948,0.933507442}|{1.0,1.0,1.0,1.0}|{6.0,0.0,0.0,0.0}|{0.981747806,0.0,0.0,0.0}|)
Vertex:({1.54614437,0.591140747,-9.76272}|{0.089276731,0.617933512,0.781145155}|{0.688636363,0.733314514}|{-0.298138,-0.910533,0.28643167}|{1.0,1.0,1.0,1.0}|{5.0,6.0,0.0,0.0}|{0.0334909745,0.945931196,0.0,0.0}|)
Vertex:({1.48924196,0.288826853,-9.67182}|{0.216146648,-0.0636464,0.974284232}|{0.715106726,0.736612201}|{-0.298138,-0.910533,0.28643167}|{1.0,1.0,1.0,1.0}|{5.0,6.0,0.0,0.0}|{0.0647204518,0.911973834,0.0,0.0}|)
Vertex:({1.26168787,0.58743751,-9.73333}|{0.423050642,0.542918265,0.725443244}|{0.696876764,0.711119831}|{-0.298138,-0.910533,0.28643167}|{1.0,1.0,1.0,1.0}|{2.0,5.0,6.0,0.0}|{0.033723902,0.157414347,0.788720131,0.0}|)
Vertex:({0.234340668,0.674784064,-7.30567}|{0.0250551496,0.971771359,-0.23459}|{0.347170979,0.587609649}|{-0.99838,0.0470228344,0.0320301205}|{1.0,1.0,1.0,1.0}|{0.0,1.0,53.0,0.0}|{0.478298515,0.253825665,0.0500000007,0.0}|)
Vertex:({0.478975475,0.653792381,-7.33741}|{0.135061547,0.961306214,-0.240101}|{0.331169546,0.585977435}|{-0.99838,0.0470228344,0.0320301205}|{1.0,1.0,1.0,1.0}|{0.0,1.0,53.0,0.0}|{0.425885916,0.260970563,0.0500000007,0.0}|)
Vertex:({0.531089604,0.76658386,-7.04785}|{0.155835524,0.952118874,-0.26303}|{0.329262644,0.605790198}|{-0.998606,0.0451627597,0.027309414}|{1.0,1.0,1.0,1.0}|{0.0,1.0,53.0,0.0}|{0.800000012,0.135662585,0.300000012,0.0}|)
Vertex:({0.266568661,0.791330695,-7.00827}|{0.00819899607,0.966427803,-0.256807}|{0.34563148,0.607992411}|{-0.99838,0.0470228344,0.0320301205}|{1.0,1.0,1.0,1.0}|{0.0,1.0,53.0,0.0}|{0.800000012,0.130085856,0.300000012,0.0}|)
