<MODEL>

<HEADER>

Name:""
CanAnimation:true
IsAnime:false
GlobalInverseTransform:{1.0,-0.0,0.0,-0.0,-0.0,1.0,-0.0,0.0,0.0,-0.0,1.0,-0.0,-0.0,0.0,-0.0,1.0}
NodeNun:{68.0}
MeshNum:{1.0}
<HEADER>

<NODES>

<NODE-0>

Name:"RootNode"
Transform:{1.0,-0.0,0.0,-0.0,-0.0,1.0,-0.0,0.0,0.0,-0.0,1.0,-0.0,-0.0,0.0,-0.0,1.0}
GlobalTransform:{1.0,-0.0,0.0,-0.0,-0.0,1.0,-0.0,0.0,0.0,-0.0,1.0,-0.0,-0.0,0.0,-0.0,1.0}
Parent:""
<NODE-0>

<NODE-1>

Name:"Armature"
Transform:{1.0,0.0,-0.0,0.0,0.0,1.0,-0.0,0.0,-0.0,-0.0,1.0,-0.0,0.0,0.0,-0.0,1.0}
GlobalTransform:{1.0,0.0,0.0,0.0,0.0,1.0,0.0,0.0,0.0,0.0,1.0,0.0,0.0,0.0,0.0,1.0}
Parent:"RootNode"
<NODE-1>

<NODE-2>

Name:"mixamorig:Hips"
Transform:{0.951848567,-0.150894,-0.266862,0.0,0.0435682833,0.928226531,-0.369455,0.0,0.303456843,0.340038866,0.890105307,-0.0,0.0544338673,56.5217972,0.00820040703,1.0}
GlobalTransform:{0.951848567,-0.150894,-0.266862,0.0,0.0435682833,0.928226531,-0.369455,0.0,0.303456843,0.340038866,0.890105307,0.0,0.0544338673,56.5217972,0.00820040703,1.0}
Parent:"Armature"
<NODE-2>

<NODE-3>

Name:"mixamorig:Spine"
Transform:{0.979744792,0.0557647422,0.192329034,0.0,-0.0194309,0.982385278,-0.185854,0.0,-0.199305,0.178352281,0.963570416,-0.0,2.38418579e-07,5.89747667,0.468353212,1.0}
GlobalTransform:{0.993361831,-0.0306761,-0.110866,0.0,-0.0320931,0.851610541,-0.523192,0.0,0.110464066,0.523276687,0.844972908,0.0,0.453502029,62.1552505,-1.75377,1.0}
Parent:"mixamorig:Hips"
<NODE-3>

<NODE-4>

Name:"mixamorig:Spine1"
Transform:{0.998510957,0.0177255403,0.0515916422,0.0,-0.0166916,0.999652505,-0.020404,0.0,-0.0519354,0.0195124578,0.998459816,-0.0,-2.23517e-07,6.90205669,1.70990825e-06,1.0}
GlobalTransform:{0.997012854,0.011461555,-0.0763812,0.0,-0.0509166,0.841149688,-0.5384,0.0,0.0580770858,0.540680945,0.839220583,0.0,0.231993526,68.0331192,-5.36487,1.0}
Parent:"mixamorig:Spine"
<NODE-4>

<NODE-5>

Name:"mixamorig:Spine2"
Transform:{0.998552203,0.0173324663,0.0509221479,0.0,-0.0162807,0.999647021,-0.0209974,0.0,-0.0512681,0.0201379247,0.998481929,-0.0,2.98023224e-08,7.88807106,1.16135925e-06,1.0}
GlobalTransform:{0.997644305,0.0535567962,-0.0428675,0.0,-0.0683502,0.829313278,-0.554588,0.0,0.00584860658,0.556211531,0.831020236,0.0,-0.16964,74.6681671,-9.61181,1.0}
Parent:"mixamorig:Spine1"
<NODE-5>

<NODE-6>

Name:"mixamorig:Neck"
Transform:{0.999269307,0.0252320226,-0.0287073,0.0,-0.023759,0.998439193,0.050544396,0.0,0.0299378503,-0.0498254,0.998309135,-0.0,0.0,8.87406826,3.74997035e-06,1.0}
GlobalTransform:{0.995022833,0.0584755726,-0.0806859,0.0,-0.0916509,0.854859829,-0.510701,0.0,0.039111618,0.515553534,0.855964303,0.0,-0.776184,82.0275497,-14.5333,1.0}
Parent:"mixamorig:Spine2"
<NODE-6>

<NODE-7>

Name:"mixamorig:Head"
Transform:{0.994801998,-0.092577,0.0424096137,0.0,0.0665057823,0.906072497,0.417863131,0.0,-0.0771107,-0.412871,0.907519639,-0.0,2.38418579e-07,4.18993759,-0.735756,1.0}
GlobalTransform:{0.999994159,0.000895656354,0.00331376144,0.0,-0.000524301,0.993884742,-0.110422,0.0,-0.00339239,0.110419385,0.993879378,0.0,-1.18897,85.2300339,-17.3028,1.0}
Parent:"mixamorig:Neck"
<NODE-7>

<NODE-8>

Name:"mixamorig:Head_end"
Transform:{1.0,0.0,-0.0,0.0,0.0,1.0,-0.0,0.0,-0.0,-0.0,1.0,-0.0,0.0,14.1997375,-0.0,1.0}
GlobalTransform:{0.999994159,0.000895656354,0.00331376144,0.0,-0.000524301,0.993884742,-0.110422,0.0,-0.00339239,0.110419385,0.993879378,0.0,-1.19642,99.3429337,-18.8708,1.0}
Parent:"mixamorig:Head"
<NODE-8>

<NODE-9>

Name:"mixamorig:LeftShoulder"
Transform:{-0.0864897,0.0175709929,0.996097803,0.0,0.900561929,-0.426194,0.0857124329,0.0,0.426037341,0.904460907,0.0210376456,-0.0,3.75237012,7.93044949,0.0651498511,1.0}
GlobalTransform:{-0.0816611,0.563980818,0.821740389,0.0,0.928072214,-0.257543,0.268986225,0.0,0.363336712,0.784600019,-0.502384,0.0,3.0322237,81.482193,-14.1167,1.0}
Parent:"mixamorig:Spine2"
<NODE-9>

<NODE-10>

Name:"mixamorig:LeftArm"
Transform:{0.669707298,-0.475642,0.570312679,0.0,0.739656448,0.495823532,-0.455046,0.0,-0.0663351,0.726583362,0.683868587,-0.0,2.8014183e-06,7.85202217,3.57627869e-06,1.0}
GlobalTransform:{-0.288904,0.947667837,0.135868549,0.0,0.234423816,-0.0675733,0.969783127,0.0,0.928213418,0.312024951,-0.202634,0.0,10.3194685,79.4599609,-12.0046,1.0}
Parent:"mixamorig:LeftShoulder"
<NODE-10>

<NODE-11>

Name:"mixamorig:LeftForeArm"
Transform:{0.416131973,0.908059716,-0.047558,0.0,-0.908065,0.412266821,-0.0738488,0.0,-0.0474526,0.0739165992,0.996134818,-0.0,-9.0003e-06,14.809514,-2.05636e-06,1.0}
GlobalTransform:{0.0485047065,0.318154991,0.946797073,0.0,0.290441304,-0.911445,0.291396171,0.0,0.955662727,0.26085487,-0.136615,0.0,13.791172,78.4592209,2.35745072,1.0}
Parent:"mixamorig:LeftArm"
<NODE-11>

<NODE-12>

Name:"mixamorig:LeftHand"
Transform:{0.936636806,0.0974009559,0.336488485,0.0,-0.202864,0.933918655,0.294350207,0.0,-0.285583,-0.343961,0.894501746,-0.0,-1.60933e-06,16.0120106,3.87430191e-06,1.0}
GlobalTransform:{0.395290047,0.296994716,0.869217932,0.0,0.542708218,-0.838975,0.0398565643,0.0,0.741089463,0.455976784,-0.49282,0.0,18.4417248,63.8651543,7.0232873,1.0}
Parent:"mixamorig:LeftForeArm"
<NODE-12>

<NODE-13>

Name:"mixamorig:LeftHandThumb1"
Transform:{0.873214245,0.485515654,0.0420880765,0.0,-0.480184,0.871925414,-0.0957593,0.0,-0.0831903,0.0634084195,0.994514287,-0.0,-1.44906,2.14704704,-0.561045,1.0}
GlobalTransform:{0.639857292,-0.128804,0.7576226,0.0,0.212423086,-0.9178,-0.33544,0.0,0.738552034,0.375570267,-0.5599,0.0,18.6183586,61.3776474,6.12580299,1.0}
Parent:"mixamorig:LeftHand"
<NODE-13>

<NODE-14>

Name:"mixamorig:LeftHandThumb2"
Transform:{0.973595977,-0.204516,-0.101411,0.0,0.171794876,0.948968768,-0.264471,0.0,0.150324404,0.240065932,0.9590469,-0.0,-0.367407,2.08820534,-2.38419e-06,1.0}
GlobalTransform:{0.504621267,0.0242141336,0.863001108,0.0,0.116181552,-0.992419,-0.0400892,0.0,0.855487764,0.120494619,-0.503609,0.0,18.8268509,59.5084152,5.14698076,1.0}
Parent:"mixamorig:LeftHandThumb1"
<NODE-14>

<NODE-15>

Name:"mixamorig:LeftHandThumb3"
Transform:{0.90194881,0.335282207,0.272165745,0.0,-0.405796,0.873603523,0.268600434,0.0,-0.147708,-0.352708,0.924001992,-0.0,0.22919488,2.03907776,5.7220459e-06,1.0}
GlobalTransform:{0.726930618,-0.278106,0.62787658,0.0,0.126507536,-0.844441,-0.520494,0.0,0.674957633,0.457794309,-0.578668,0.0,19.1794147,57.4903488,5.26302814,1.0}
Parent:"mixamorig:LeftHandThumb2"
<NODE-15>

<NODE-16>

Name:"mixamorig:LeftHandThumb3_end"
Transform:{1.0,0.0,-0.0,0.0,0.0,1.0,-0.0,0.0,-0.0,-0.0,1.0,-0.0,0.0,1.76393259,-0.0,1.0}
GlobalTransform:{0.726930618,-0.278106,0.62787658,0.0,0.126507536,-0.844441,-0.520494,0.0,0.674957633,0.457794309,-0.578668,0.0,19.402565,56.0008125,4.3449111,1.0}
Parent:"mixamorig:LeftHandThumb3"
<NODE-16>

<NODE-17>

Name:"mixamorig:LeftHandIndex1"
Transform:{0.957352996,0.280397028,-0.0696618,0.0,-0.279155,0.835543633,-0.473223,0.0,-0.0744847,0.47248742,0.878184319,-0.0,-1.75038,5.6713891,-0.0747738,1.0}
GlobalTransform:{0.478980243,0.0173184834,0.877654791,0.0,-0.00759088,-0.999686,0.0238692779,0.0,0.877792895,-0.0180951,-0.478699,0.0,20.7723122,58.553051,5.76471806,1.0}
Parent:"mixamorig:LeftHand"
<NODE-17>

<NODE-18>

Name:"mixamorig:LeftHandIndex2"
Transform:{0.993506014,-0.0877516,0.0724255219,0.0,0.0880547389,0.189870358,-0.977853,0.0,0.0720566884,0.977879763,0.196364298,-0.0,-0.000818729,1.79053938,7.03334808e-06,1.0}
GlobalTransform:{0.540110469,0.103619561,0.835190773,0.0,-0.817617,-0.170591,0.549910307,0.0,0.199457958,-0.979878,-0.00741712,0.0,20.7583351,56.7630577,5.80673504,1.0}
Parent:"mixamorig:LeftHandIndex1"
<NODE-18>

<NODE-19>

Name:"mixamorig:LeftHandIndex3"
Transform:{0.99889648,-0.0453507,0.0122107444,0.0,0.045282051,0.860972583,-0.506632,0.0,0.0124629987,0.506625533,0.862076044,-0.0,9.25064087e-05,1.64620042,-2.9467e-06,1.0}
GlobalTransform:{0.5790295,0.0992766172,0.809239745,0.0,-0.78054,0.354254872,0.515034616,0.0,-0.235546,-0.929864,0.282613456,0.0,19.4124241,56.4822426,6.71207476,1.0}
Parent:"mixamorig:LeftHandIndex2"
<NODE-19>

<NODE-20>

Name:"mixamorig:LeftHandIndex3_end"
Transform:{1.0,0.0,-0.0,0.0,0.0,1.0,-0.0,0.0,-0.0,-0.0,1.0,-0.0,0.0,1.48735988,-0.0,1.0}
GlobalTransform:{0.5790295,0.0992766172,0.809239745,0.0,-0.78054,0.354254872,0.515034616,0.0,-0.235546,-0.929864,0.282613456,0.0,18.2514801,57.0091476,7.47811651,1.0}
Parent:"mixamorig:LeftHandIndex3"
<NODE-20>

<NODE-21>

Name:"mixamorig:LeftHandMiddle1"
Transform:{0.992150009,0.0971291512,-0.0787673,0.0,-0.12333,0.655763507,-0.744825,0.0,-0.0206915,0.748692334,0.662594676,-0.0,-0.589218,5.77711964,0.0136919022,1.0}
GlobalTransform:{0.386526197,0.177258313,0.905083895,0.0,-0.244845,-0.92642,0.286000639,0.0,0.889184296,-0.332152,-0.314685,0.0,21.35425,58.8495445,6.73463678,1.0}
Parent:"mixamorig:LeftHand"
<NODE-21>

<NODE-22>

Name:"mixamorig:LeftHandMiddle2"
Transform:{0.995719612,-0.0774109,0.0504969954,0.0,0.0775862187,0.403164208,-0.911833,0.0,0.0502272174,0.911847651,0.407444537,-0.0,-0.00192642,2.06271625,-2.14577e-06,1.0}
GlobalTransform:{0.448726505,0.23144196,0.863179564,0.0,-0.879511,-0.0568799,0.472467363,0.0,0.158446446,-0.971184,0.17803216,0.0,20.8484592,56.9382629,7.32283211,1.0}
Parent:"mixamorig:LeftHandMiddle1"
<NODE-22>

<NODE-23>

Name:"mixamorig:LeftHandMiddle3"
Transform:{0.998756707,-0.047814,0.0140993549,0.0,0.0476345941,0.832039714,-0.552667,0.0,0.014693982,0.552651584,0.833282888,-0.0,0.00108528137,1.86248446,-2.14577e-06,1.0}
GlobalTransform:{0.492455512,0.220180795,0.842025995,0.0,-0.797981,0.500439942,0.335836321,0.0,-0.347439,-0.837305,0.422144532,0.0,19.2108707,56.8325768,8.20373154,1.0}
Parent:"mixamorig:LeftHandMiddle2"
<NODE-23>

<NODE-24>

Name:"mixamorig:LeftHandMiddle3_end"
Transform:{1.0,0.0,-0.0,0.0,0.0,1.0,-0.0,0.0,-0.0,-0.0,1.0,-0.0,0.0,1.67380679,-0.0,1.0}
GlobalTransform:{0.492455512,0.220180795,0.842025995,0.0,-0.797981,0.500439942,0.335836321,0.0,-0.347439,-0.837305,0.422144532,0.0,17.8752041,57.6702156,8.76585674,1.0}
Parent:"mixamorig:LeftHandMiddle3"
<NODE-24>

<NODE-25>

Name:"mixamorig:LeftHandRing1"
Transform:{0.995524466,0.0684562325,-0.0651519,0.0,-0.0934933,0.612852514,-0.784647,0.0,-0.0137855,0.787226558,0.616509795,-0.0,0.634428978,5.82679176,0.0482058525,1.0}
GlobalTransform:{0.382389277,0.208524659,0.900164306,0.0,-0.28585,-0.899716,0.329849899,0.0,0.878673971,-0.383444,-0.284435,0.0,21.89048,59.1870232,7.78322363,1.0}
Parent:"mixamorig:LeftHand"
<NODE-25>

<NODE-26>

Name:"mixamorig:LeftHandRing2"
Transform:{0.993692994,-0.0878422,0.0696990862,0.0,0.0879189968,0.224513635,-0.970497,0.0,0.0696021318,0.970503688,0.230820626,-0.0,-0.00055933,1.76363087,-4.76837e-07,1.0}
GlobalTransform:{0.466330051,0.259516805,0.845687389,0.0,-0.883308,0.188465521,0.429240346,0.0,-0.0479877,-0.94717,0.317120492,0.0,21.3861313,57.6001396,8.36445332,1.0}
Parent:"mixamorig:LeftHandRing1"
<NODE-26>

<NODE-27>

Name:"mixamorig:LeftHandRing3"
Transform:{0.998973548,-0.043896,0.0111820893,0.0,0.0438611917,0.875674963,-0.480905,0.0,0.0113179348,0.480901718,0.876701415,-0.0,0.000420093536,1.68843389,3.57627869e-06,1.0}
GlobalTransform:{0.504088521,0.240386188,0.829523444,0.0,-0.72996,0.631916165,0.260463089,0.0,-0.461577,-0.736815,0.494013846,0.0,19.8949203,57.918457,9.08955383,1.0}
Parent:"mixamorig:LeftHandRing2"
<NODE-27>

<NODE-28>

Name:"mixamorig:LeftHandRing3_end"
Transform:{1.0,0.0,-0.0,0.0,0.0,1.0,-0.0,0.0,-0.0,-0.0,1.0,-0.0,0.0,1.45030963,-0.0,1.0}
GlobalTransform:{0.504088521,0.240386188,0.829523444,0.0,-0.72996,0.631916165,0.260463089,0.0,-0.461577,-0.736815,0.494013846,0.0,18.8362522,58.8349304,9.46730614,1.0}
Parent:"mixamorig:LeftHandRing3"
<NODE-28>

<NODE-29>

Name:"mixamorig:LeftHandPinky1"
Transform:{0.998643875,0.0451256,-0.0259632,0.0,-0.0461159,0.535305917,-0.843398,0.0,-0.0241606,0.843451977,0.536660969,-0.0,1.70515537,5.32710457,-0.133236,1.0}
GlobalTransform:{0.400002956,0.246894076,0.882632911,0.0,-0.352748,-0.847375,0.396894306,0.0,0.845911682,-0.470106,-0.251861,0.0,21.9080791,59.8415146,8.78342056,1.0}
Parent:"mixamorig:LeftHand"
<NODE-29>

<NODE-30>

Name:"mixamorig:LeftHandPinky2"
Transform:{0.997430742,-0.0628067,0.0344568193,0.0,0.062804319,0.535269201,-0.842343,0.0,0.0344611257,0.84234333,0.537838399,-0.0,-0.0012207,1.42281723,1.66893005e-06,1.0}
GlobalTransform:{0.450277597,0.283282191,0.84675926,0.0,-0.876241,-0.0420769,0.480031908,0.0,0.1716135,-0.958113,0.229277298,0.0,21.4056969,58.6355515,9.34705067,1.0}
Parent:"mixamorig:LeftHandPinky1"
<NODE-30>

<NODE-31>

Name:"mixamorig:LeftHandPinky3"
Transform:{0.998991609,-0.0430506,0.0127438735,0.0,0.0428577438,0.829810381,-0.556397,0.0,0.0133782644,0.556382418,0.830818653,-0.0,0.00101089478,1.17638993,-4.29153e-06,1.0}
GlobalTransform:{0.489733309,0.272597909,0.828161597,0.0,-0.803302,0.510316491,0.307056367,0.0,-0.338922,-0.815639,0.468897343,0.0,20.375349,58.5863419,9.91261005,1.0}
Parent:"mixamorig:LeftHandPinky2"
<NODE-31>

<NODE-32>

Name:"mixamorig:LeftHandPinky3_end"
Transform:{1.0,0.0,-0.0,0.0,0.0,1.0,-0.0,0.0,-0.0,-0.0,1.0,-0.0,0.0,1.04476273,-0.0,1.0}
GlobalTransform:{0.489733309,0.272597909,0.828161597,0.0,-0.803302,0.510316491,0.307056367,0.0,-0.338922,-0.815639,0.468897343,0.0,19.5360889,59.119503,10.2334108,1.0}
Parent:"mixamorig:LeftHandPinky3"
<NODE-32>

<NODE-33>

Name:"mixamorig:RightShoulder"
Transform:{0.13544637,-0.0104471,-0.99073,0.0,-0.834158,-0.54078,-0.108338,0.0,-0.534635,0.841099024,-0.0819612,-0.0,-3.75237,7.93199301,0.08460816,1.0}
GlobalTransform:{0.130046964,-0.552465,-0.823329,0.0,-0.795864,-0.55341,0.245637104,0.0,-0.591344,0.623313487,-0.511656,0.0,-4.45483,81.0923691,-13.7796,1.0}
Parent:"mixamorig:Spine2"
<NODE-33>

<NODE-34>

Name:"mixamorig:RightArm"
Transform:{0.86781311,-0.367763,0.334142268,0.0,0.478849411,0.798532665,-0.364759,0.0,-0.132679,0.476546049,0.869080007,-0.0,3.21865082e-06,7.85201883,-6.67572e-06,1.0}
GlobalTransform:{0.207952484,-0.0676374,-0.975798,0.0,-0.357553,-0.933823,-0.0114702,0.0,-0.910446,0.351284295,-0.218375,0.0,-10.704,76.7469788,-11.8509,1.0}
Parent:"mixamorig:RightShoulder"
<NODE-34>

<NODE-35>

Name:"mixamorig:RightForeArm"
Transform:{-0.189412,-0.976973,0.0982190669,0.0,0.976978838,-0.197518,-0.080617,0.0,0.0981606692,0.0806881115,0.991894126,-0.0,0.0,14.8095617,-1.19209e-06,1.0}
GlobalTransform:{0.220507503,0.959633589,0.174585432,0.0,0.347185701,0.0900469497,-0.933463,0.0,-0.911504,0.266449124,-0.313315,0.0,-15.9992,62.9174728,-12.0207,1.0}
Parent:"mixamorig:RightArm"
<NODE-35>

<NODE-36>

Name:"mixamorig:RightHand"
Transform:{0.770044386,-0.0629029,-0.634882,0.0,0.176366881,0.977336466,0.117081739,0.0,0.613128364,-0.20213,0.763686419,-0.0,3.57627869e-06,16.0128117,9.53674316e-07,1.0}
GlobalTransform:{0.726658642,0.564132571,0.392074019,0.0,0.271487027,0.288450062,-0.9182,0.0,-0.63108,0.773660958,0.0564501211,0.0,-10.4397,64.3593826,-26.9681,1.0}
Parent:"mixamorig:RightForeArm"
<NODE-36>

<NODE-37>

Name:"mixamorig:RightHandThumb1"
Transform:{0.888364315,-0.439197,0.133846879,0.0,0.455867678,0.808985233,-0.371117,0.0,0.0547131002,0.390703231,0.918889225,-0.0,1.46129656,2.22519922,-0.565351,1.0}
GlobalTransform:{0.441833228,0.478020996,0.759130895,0.0,0.785093546,0.20340322,-0.585026,0.0,-0.434064,0.854472518,-0.285421,0.0,-8.41699,65.3882141,-28.4703,1.0}
Parent:"mixamorig:RightHand"
<NODE-37>

<NODE-38>

Name:"mixamorig:RightHandThumb2"
Transform:{0.9761011,0.198985308,-0.0873588,0.0,-0.207969,0.971948326,-0.109842,0.0,0.0630512238,0.125385091,0.990102589,-0.0,0.429639101,2.13438559,-4.29153e-06,1.0}
GlobalTransform:{0.625415325,0.43242541,0.64951092,0.0,0.718861163,0.00442650588,-0.69514,0.0,-0.303471,0.901659012,-0.308085,0.0,-6.55146,66.0277252,-29.3928,1.0}
Parent:"mixamorig:RightHandThumb1"
<NODE-38>

<NODE-39>

Name:"mixamorig:RightHandThumb3"
Transform:{0.896880984,-0.436311,-0.0723684,0.0,0.44146055,0.873262227,0.206217736,0.0,-0.0267785,-0.216901,0.975826383,-0.0,-0.176998,1.98948801,-2.14577e-06,1.0}
GlobalTransform:{0.269237757,0.320651203,0.908126831,0.0,0.841269374,0.380702347,-0.383839,0.0,-0.468804,0.867322862,-0.167254,0.0,-5.232,65.9599915,-30.8907,1.0}
Parent:"mixamorig:RightHandThumb2"
<NODE-39>

<NODE-40>

Name:"mixamorig:RightHandThumb3_end"
Transform:{1.0,0.0,-0.0,0.0,0.0,1.0,-0.0,0.0,-0.0,-0.0,1.0,-0.0,0.0,1.66902983,-0.0,1.0}
GlobalTransform:{0.269237757,0.320651203,0.908126831,0.0,0.841269374,0.380702347,-0.383839,0.0,-0.468804,0.867322862,-0.167254,0.0,-3.82789,66.5953979,-31.5314,1.0}
Parent:"mixamorig:RightHandThumb3"
<NODE-40>

<NODE-41>

Name:"mixamorig:RightHandIndex1"
Transform:{0.99353689,-0.079535,0.0809861198,0.0,0.109225027,0.475688636,-0.872806,0.0,0.0308944769,0.876010597,0.481301397,-0.0,1.71411085,5.68481779,-0.0295208,1.0}
GlobalTransform:{0.6492607,0.600200415,0.467140764,0.0,0.759323239,-0.476426,-0.443223,0.0,-0.0434646,0.642477989,-0.765071,0.0,-7.63219,66.9433136,-31.5175,1.0}
Parent:"mixamorig:RightHand"
<NODE-41>

<NODE-42>

Name:"mixamorig:RightHandIndex2"
Transform:{0.99726522,0.0637067705,-0.037464,0.0,-0.0638265,0.486839354,-0.871156,0.0,-0.0372596,0.871165216,0.489574105,-0.0,0.000335216522,1.75150776,-1.24276e-05,1.0}
GlobalTransform:{0.697487473,0.544137657,0.46628952,0.0,0.366092831,-0.829951,0.420901895,0.0,0.616025686,-0.122868,-0.778085,0.0,-6.30201,66.1090393,-32.2937,1.0}
Parent:"mixamorig:RightHandIndex1"
<NODE-42>

<NODE-43>

Name:"mixamorig:RightHandIndex3"
Transform:{0.999055982,0.0414740704,-0.0129218,0.0,-0.0414304,0.820258379,-0.570491,0.0,-0.0130613,0.570487559,0.821202338,-0.0,0.000129699707,1.6471684,9.53674316e-07,1.0}
GlobalTransform:{0.70405221,0.510790229,0.493360132,0.0,-0.0800434,-0.633222,0.769819975,0.0,0.705623031,-0.581483,-0.404936,0.0,-5.6989,64.7420425,-31.6003,1.0}
Parent:"mixamorig:RightHandIndex2"
<NODE-43>

<NODE-44>

Name:"mixamorig:RightHandIndex3_end"
Transform:{1.0,0.0,-0.0,0.0,0.0,1.0,-0.0,0.0,-0.0,-0.0,1.0,-0.0,0.0,1.50703323,-0.0,1.0}
GlobalTransform:{0.70405221,0.510790229,0.493360132,0.0,-0.0800434,-0.633222,0.769819975,0.0,0.705623031,-0.581483,-0.404936,0.0,-5.81953,63.7877541,-30.4402,1.0}
Parent:"mixamorig:RightHandIndex3"
<NODE-44>

<NODE-45>

Name:"mixamorig:RightHandMiddle1"
Transform:{0.996530712,-0.0553973,0.0621104427,0.0,0.0802202374,0.440607518,-0.894108,0.0,0.0221648477,0.895988941,0.4435229,-0.0,0.588573933,5.76699495,-0.0185108,1.0}
GlobalTransform:{0.669901311,0.594248533,0.445085734,0.0,0.742166102,-0.519389,-0.423586,0.0,-0.0205429,0.614088356,-0.78897,0.0,-8.43471,66.3405838,-32.0337,1.0}
Parent:"mixamorig:RightHand"
<NODE-45>

<NODE-46>

Name:"mixamorig:RightHandMiddle2"
Transform:{0.99690932,0.0636541396,-0.0460433,0.0,-0.0636458,0.310812414,-0.948338,0.0,-0.0460548,0.948337376,0.313903093,-0.0,0.000366210938,2.02801752,2.90572643e-06,1.0}
GlobalTransform:{0.716018677,0.531076014,0.453073889,0.0,0.207519636,-0.781617,0.588226557,0.0,0.666523218,-0.327159,-0.669861,0.0,-6.92934,65.2874756,-32.8925,1.0}
Parent:"mixamorig:RightHandMiddle1"
<NODE-46>

<NODE-47>

Name:"mixamorig:RightHandMiddle3"
Transform:{0.998047471,0.0554294251,-0.028789,0.0,-0.0553581,0.571546435,-0.8187,0.0,-0.0289259,0.818695426,0.573498964,-0.0,-0.00042057,1.89738715,-9.53674e-07,1.0}
GlobalTransform:{0.70693481,0.496133059,0.504078925,0.0,-0.466713,-0.208284,0.859532952,0.0,0.531434298,-0.842894,0.0843081698,0.0,-6.53589,63.8042221,-31.7766,1.0}
Parent:"mixamorig:RightHandMiddle2"
<NODE-47>

<NODE-48>

Name:"mixamorig:RightHandMiddle3_end"
Transform:{1.0,0.0,-0.0,0.0,0.0,1.0,-0.0,0.0,-0.0,-0.0,1.0,-0.0,0.0,1.71468985,-0.0,1.0}
GlobalTransform:{0.70693481,0.496133059,0.504078925,0.0,-0.466713,-0.208284,0.859532952,0.0,0.531434298,-0.842894,0.0843081698,0.0,-7.33616,63.4470787,-30.3028,1.0}
Parent:"mixamorig:RightHandMiddle3"
<NODE-48>

<NODE-49>

Name:"mixamorig:RightHandRing1"
Transform:{0.995474815,-0.0192048,0.093065612,0.0,0.0950213224,0.21138075,-0.972774,0.0,-0.000990335,0.977215111,0.21224907,-0.0,-0.604045,5.80449533,0.0589497089,1.0}
GlobalTransform:{0.659424663,0.628041387,0.413187236,0.0,0.740333676,-0.63802,-0.211748,0.0,0.130635396,0.445527911,-0.885686,0.0,-9.34004,65.738533,-32.5313,1.0}
Parent:"mixamorig:RightHand"
<NODE-49>

<NODE-50>

Name:"mixamorig:RightHandRing2"
Transform:{0.995153844,0.0766662508,-0.0615718,0.0,-0.076622,0.212165236,-0.974225,0.0,-0.0616268,0.974221826,0.217011377,-0.0,-0.00011158,1.77857399,-4.17233e-06,1.0}
GlobalTransform:{0.704944134,0.548651278,0.449484229,0.0,-0.0207217,-0.617532,0.786273003,0.0,0.708960354,-0.563592,-0.423957,0.0,-8.02337,64.6036987,-32.908,1.0}
Parent:"mixamorig:RightHandRing1"
<NODE-50>

<NODE-51>

Name:"mixamorig:RightHandRing3"
Transform:{0.998261869,0.0546321943,-0.0221026,0.0,-0.054651,0.71778512,-0.694117,0.0,-0.0220562,0.694118142,0.719523191,-0.0,-3.43323e-05,1.66018748,3.81469727e-06,1.0}
GlobalTransform:{0.686916888,0.526417375,0.501029372,0.0,-0.545501,-0.0820408,0.834085584,0.0,0.480181754,-0.846259,0.230805889,0.0,-8.0578,63.5784607,-31.6026,1.0}
Parent:"mixamorig:RightHandRing2"
<NODE-51>

<NODE-52>

Name:"mixamorig:RightHandRing3_end"
Transform:{1.0,0.0,-0.0,0.0,0.0,1.0,-0.0,0.0,-0.0,-0.0,1.0,-0.0,0.0,1.4758985,-0.0,1.0}
GlobalTransform:{0.686916888,0.526417375,0.501029372,0.0,-0.545501,-0.0820408,0.834085584,0.0,0.480181754,-0.846259,0.230805889,0.0,-8.8629,63.4573784,-30.3716,1.0}
Parent:"mixamorig:RightHandRing3"
<NODE-52>

<NODE-53>

Name:"mixamorig:RightHandPinky1"
Transform:{0.999149323,-0.00950463,0.0401297249,0.0,0.0410420671,0.133961275,-0.990136,0.0,0.00403504632,0.990940988,0.134237409,-0.0,-1.69866,5.31982136,-0.0819248,1.0}
GlobalTransform:{0.698135018,0.591957867,0.402732968,0.0,0.691047847,-0.704236,-0.162805,0.0,0.187245145,0.391967535,-0.900723,0.0,-10.1781,64.8722305,-32.5234,1.0}
Parent:"mixamorig:RightHand"
<NODE-53>

<NODE-54>

Name:"mixamorig:RightHandPinky2"
Transform:{0.996110141,0.066953212,-0.057288,0.0,-0.0669429,0.152227849,-0.986076,0.0,-0.0573001,0.986075044,0.156117752,-0.0,0.00014257431,1.42557716,7.51018524e-06,1.0}
GlobalTransform:{0.73096031,0.520049334,0.441866696,0.0,-0.126176,-0.533341,0.836437047,0.0,0.670654118,-0.667155,-0.324233,0.0,-9.19289,63.8683739,-32.7555,1.0}
Parent:"mixamorig:RightHandPinky1"
<NODE-54>

<NODE-55>

Name:"mixamorig:RightHandPinky3"
Transform:{0.996861398,0.0643706545,-0.0460844,0.0,-0.0643107,0.318971694,-0.94558,0.0,-0.046168,0.945575774,0.322110295,-0.0,-0.00010252,1.18315256,-5.24521e-06,1.0}
GlobalTransform:{0.689637363,0.514831007,0.509263933,0.0,-0.721412,0.427283019,0.544971526,0.0,0.0629683435,-0.743222,0.666075587,0.0,-9.34225,63.2373009,-31.7659,1.0}
Parent:"mixamorig:RightHandPinky2"
<NODE-55>

<NODE-56>

Name:"mixamorig:RightHandPinky3_end"
Transform:{1.0,0.0,-0.0,0.0,0.0,1.0,-0.0,0.0,-0.0,-0.0,1.0,-0.0,0.0,1.08261263,-0.0,1.0}
GlobalTransform:{0.689637363,0.514831007,0.509263933,0.0,-0.721412,0.427283019,0.544971526,0.0,0.0629683435,-0.743222,0.666075587,0.0,-10.1233,63.6998825,-31.1759,1.0}
Parent:"mixamorig:RightHandPinky3"
<NODE-56>

<NODE-57>

Name:"mixamorig:LeftUpLeg"
Transform:{-0.945596,-0.113983,-0.304723,0.0,0.321687937,-0.467569,-0.823345,0.0,-0.0486321,-0.876577,0.478797942,-0.0,5.49171877,-3.27806,-0.209436,1.0}
GlobalTransform:{-0.997501,-0.0667344,0.0232192427,0.0,0.0359774828,-0.76252,-0.645964,0.0,0.0608131588,-0.643514,0.763014734,0.0,5.07534409,52.5791283,-0.432652,1.0}
Parent:"mixamorig:Hips"
<NODE-57>

<NODE-58>

Name:"mixamorig:LeftLeg"
Transform:{0.999743104,-0.0213468,0.00761645893,0.0,-0.0177426,-0.528007,0.849054873,0.0,-0.014103,-0.848972,-0.52825,-0.0,1.49011612e-07,31.239809,3.51667404e-06,1.0}
GlobalTransform:{-0.997549,-0.0553412,0.042813994,0.0,0.050335601,-0.142579,0.988502622,0.0,-0.0486006,0.988235056,0.145015404,0.0,6.19927406,28.7581558,-20.6124,1.0}
Parent:"mixamorig:LeftUpLeg"
<NODE-58>

<NODE-59>

Name:"mixamorig:LeftFoot"
Transform:{0.974860013,0.222702399,0.00718807988,0.0,-0.0262355,0.146759689,-0.988824,0.0,-0.221268,0.963776529,0.148912862,-0.0,-2.08616e-07,26.3855991,-1.3113e-06,1.0}
GlobalTransform:{-0.96161,-0.0785992,0.262921929,0.0,0.0816159472,-0.996664,0.000554341124,0.0,0.262001157,0.0219917558,0.964816928,0.0,7.52740955,24.9961185,5.46979761,1.0}
Parent:"mixamorig:LeftLeg"
<NODE-59>

<NODE-60>

Name:"mixamorig:LeftToeBase"
Transform:{0.998852134,0.00511929952,0.0476255417,0.0,0.0200564303,0.858217299,-0.512895,0.0,-0.0434987,0.51326102,0.857129455,-0.0,1.54972076e-06,11.4328251,-2.68221e-07,1.0}
GlobalTransform:{-0.947611,-0.0825638,0.308572888,0.0,-0.0836212,-0.86821,-0.4891,0.0,0.308288008,-0.48928,0.815820754,0.0,8.4605093,13.6014357,5.47613525,1.0}
Parent:"mixamorig:LeftFoot"
<NODE-60>

<NODE-61>

Name:"mixamorig:LeftToeBase_end"
Transform:{1.0,0.0,-0.0,0.0,0.0,1.0,-0.0,0.0,-0.0,-0.0,1.0,-0.0,0.0,4.54977798,-0.0,1.0}
GlobalTransform:{-0.947611,-0.0825638,0.308572888,0.0,-0.0836212,-0.86821,-0.4891,0.0,0.308288008,-0.48928,0.815820754,0.0,8.08005142,9.65127277,3.25083756,1.0}
Parent:"mixamorig:LeftToeBase"
<NODE-61>

<NODE-62>

Name:"mixamorig:RightUpLeg"
Transform:{-0.998317,-0.0430232,-0.0388845,0.0,0.055205781,-0.910382,-0.41007,0.0,-0.0177573,-0.411526,0.911224961,-0.0,-5.49172,-3.27806,-0.00133157,1.0}
GlobalTransform:{-0.963921,0.0974827111,0.247696519,0.0,-0.111555,-0.99281,-0.043392,0.0,0.241685718,-0.0694582,0.967865467,0.0,-5.31607,54.3072243,2.68364334,1.0}
Parent:"mixamorig:Hips"
<NODE-62>

<NODE-63>

Name:"mixamorig:RightLeg"
Transform:{0.990164161,0.0569967702,-0.127774,0.0,0.0709310174,0.582691729,0.809591889,0.0,0.120597057,-0.810692,0.57291764,-0.0,-1.07288e-06,31.2388363,2.38418579e-07,1.0}
GlobalTransform:{-0.991679,0.0488118604,0.11911884,0.0,0.0622929111,-0.627821,0.775861204,0.0,0.112656482,0.776825845,0.619556248,0.0,-8.80091,23.2929821,1.32812631,1.0}
Parent:"mixamorig:RightUpLeg"
<NODE-63>

<NODE-64>

Name:"mixamorig:RightFoot"
Transform:{0.997642756,0.0405121557,-0.0553858,0.0,-0.0407294,-0.299991,-0.953072,0.0,-0.0552263,0.953081369,-0.297634,-0.0,-5.96046e-08,26.3860455,-2.38419e-06,1.0}
GlobalTransform:{-0.993058,-0.0197627,0.115955211,0.0,-0.0856665,-0.554019,-0.828085,0.0,0.0806065798,-0.83227,0.548479438,0.0,-7.15725,6.72727537,21.8000336,1.0}
Parent:"mixamorig:RightLeg"
<NODE-64>

<NODE-65>

Name:"mixamorig:RightToeBase"
Transform:{0.998641253,-0.00971477,-0.0511984,0.0,-0.0219994,0.812038839,-0.583189,0.0,0.0472406335,0.583522439,0.810721815,-0.0,3.12458724e-07,11.4888639,-8.9407e-07,1.0}
GlobalTransform:{-0.995003,0.0282571539,0.0957610458,0.0,-0.0947267,0.03592024,-0.994855,0.0,-0.0315515,-0.998955,-0.033064,0.0,-8.14146,0.362232298,12.2862797,1.0}
Parent:"mixamorig:RightFoot"
<NODE-65>

<NODE-66>

Name:"mixamorig:RightToeBase_end"
Transform:{1.0,0.0,-0.0,0.0,0.0,1.0,-0.0,0.0,-0.0,-0.0,1.0,-0.0,0.0,4.55521965,-0.0,1.0}
GlobalTransform:{-0.995003,0.0282571539,0.0957610458,0.0,-0.0947267,0.03592024,-0.994855,0.0,-0.0315515,-0.998955,-0.033064,0.0,-8.57296,0.525856853,7.75449705,1.0}
Parent:"mixamorig:RightToeBase"
<NODE-66>

<NODE-67>

Name:"Body"
Transform:{9.24678135,-3.74857e-08,4.30736762e-08,0.0,-4.30737e-08,-1.50649e-06,9.24678326,0.0,-3.74857e-08,-9.24678,-1.50649e-06,-0.0,0.0,0.0,-0.0,1.0}
GlobalTransform:{9.24678135,-3.74857e-08,4.30736762e-08,0.0,-4.30737e-08,-1.50649e-06,9.24678326,0.0,-3.74857e-08,-9.24678,-1.50649e-06,0.0,0.0,0.0,0.0,1.0}
Parent:"RootNode"
<NODE-67>

<NODES>

<MESHS>

<MESH-0>

Name:"平面.009"
NodeName:"Body"
VertexNum:{7910.0}
Vertex:({0.0,0.77707386,-9.7793}|{-0.0266945,0.998563349,-0.0464599}|{0.362423658,0.417844355}|{-0.99955,-0.0260278,0.0148976473}|{1.0,1.0,1.0,1.0}|{3.0,0.0,0.0,0.0}|{1.0,0.0,0.0,0.0}|)
Vertex:({0.0,0.763173461,-10.0478}|{-0.0266945,0.998563349,-0.0464599}|{0.36242342,0.398786545}|{-0.99955,-0.0260278,0.0148976473}|{1.0,1.0,1.0,1.0}|{3.0,0.0,0.0,0.0}|{1.0,0.0,0.0,0.0}|)
Vertex:({0.232540399,0.767419815,-10.1204}|{-0.0266945,0.998563349,-0.0464599}|{0.345570654,0.394083202}|{-0.999376,-0.0255838,0.0243393946}|{1.0,1.0,1.0,1.0}|{3.0,0.0,0.0,0.0}|{1.0,0.0,0.0,0.0}|)
Vertex:({0.208684757,0.779382348,-9.81935}|{-0.0266945,0.998563349,-0.0464599}|{0.3479819,0.415218592}|{-0.99955,-0.0260278,0.0148976473}|{1.0,1.0,1.0,1.0}|{3.0,0.0,0.0,0.0}|{1.0,0.0,0.0,0.0}|)
Vertex:({0.692234993,0.776143193,-10.3526}|{0.17521441,0.210948527,-0.961666}|{0.313063949,0.382428408}|{-0.96906,0.209430188,-0.130622}|{1.0,1.0,1.0,1.0}|{3.0,6.0,7.0,0.0}|{0.514549494,0.408227235,0.0772232562,0.0}|)
Vertex:({0.467472911,0.640690446,-10.4345}|{0.17521441,0.210948527,-0.961666}|{0.327427536,0.371083856}|{-0.96906,0.209430188,-0.130622}|{1.0,1.0,1.0,1.0}|{3.0,6.0,0.0,0.0}|{0.895944893,0.104055122,0.0,0.0}|)
Vertex:({0.525624335,0.307590455,-10.4858}|{0.17521441,0.210948527,-0.961666}|{0.316750526,0.351246595}|{-0.966883,0.220982671,-0.127691}|{1.0,1.0,1.0,1.0}|{3.0,6.0,7.0,0.0}|{0.829072714,0.168119237,0.00280803931,0.0}|)
Vertex:({0.858787835,0.387303621,-10.4188}|{0.17521441,0.210948527,-0.961666}|{0.299048305,0.360827088}|{-0.96906,0.209430188,-0.130622}|{1.0,1.0,1.0,1.0}|{3.0,6.0,7.0,0.0}|{0.319748938,0.537046373,0.143204629,0.0}|)
Vertex:({0.904338479,-0.211448,-10.1442}|{0.128814086,-0.768242,-0.627065}|{0.194860309,0.403154552}|{0.965941072,0.240303874,-0.0959785}|{1.0,1.0,1.0,1.0}|{3.0,6.0,7.0,0.0}|{0.552704632,0.401206434,0.0460889339,0.0}|)
Vertex:({1.14024079,-0.191818,-10.097}|{0.128814086,-0.768242,-0.627065}|{0.211246312,0.408660293}|{0.965941072,0.240303874,-0.0959785}|{1.0,1.0,1.0,1.0}|{3.0,6.0,7.0,0.0}|{0.273689359,0.517584264,0.208726361,0.0}|)
Vertex:({1.13592803,-0.0369132,-10.3105}|{0.128814086,-0.768242,-0.627065}|{0.214763224,0.389600337}|{0.978464901,0.201306999,-0.0456292}|{1.0,1.0,1.0,1.0}|{3.0,6.0,7.0,0.0}|{0.197969064,0.528820753,0.273210227,0.0}|)
Vertex:({0.869493961,0.00452571781,-10.3932}|{0.128814086,-0.768242,-0.627065}|{0.197245747,0.379925132}|{0.965941072,0.240303874,-0.0959785}|{1.0,1.0,1.0,1.0}|{3.0,6.0,7.0,0.0}|{0.44688803,0.486333609,0.066778332,0.0}|)
Vertex:({0.467472911,0.640690446,-10.4345}|{0.632210314,0.265272439,-0.72797}|{0.327427536,0.371083856}|{-0.717726,0.554429471,-0.42128}|{1.0,1.0,1.0,1.0}|{3.0,6.0,0.0,0.0}|{0.895944893,0.104055122,0.0,0.0}|)
Vertex:({0.335164607,0.459903717,-10.5957}|{0.632210314,0.265272439,-0.72797}|{0.334619194,0.351617515}|{-0.717726,0.554429471,-0.42128}|{1.0,1.0,1.0,1.0}|{3.0,4.0,5.0,0.0}|{0.653197289,0.212798208,0.134004518,0.0}|)
Vertex:({0.423497558,0.283454984,-10.6029}|{0.632210314,0.265272439,-0.72797}|{0.322973609,0.344617665}|{-0.718963,0.55106473,-0.42358}|{1.0,1.0,1.0,1.0}|{3.0,4.0,5.0,0.0}|{0.64255029,0.201860458,0.155589268,0.0}|)
Vertex:({0.525624335,0.307590455,-10.4858}|{0.632210314,0.265272439,-0.72797}|{0.316750526,0.351246595}|{-0.717726,0.554429471,-0.42128}|{1.0,1.0,1.0,1.0}|{3.0,6.0,7.0,0.0}|{0.829072714,0.168119237,0.00280803931,0.0}|)
Vertex:({2.30701971,0.56449163,-9.80386}|{0.0562681071,0.924331665,0.377418727}|{0.671428382,0.795533895}|{-0.203934,-0.359408,0.910624683}|{1.0,1.0,1.0,1.0}|{3.0,6.0,7.0,8.0}|{1.79536408e-09,0.00449539255,0.994050682,0.00145389221}|)
Vertex:({2.31035519,0.661019444,-10.0088}|{0.0562681071,0.924331665,0.377418727}|{0.652438164,0.791660905}|{-0.203934,-0.359408,0.910624683}|{1.0,1.0,1.0,1.0}|{3.0,6.0,7.0,8.0}|{2.70514686e-08,0.00428102072,0.995047927,0.000671029033}|)
Vertex:({2.72392774,0.616502881,-9.9934}|{0.0562681071,0.924331665,0.377418727}|{0.647550225,0.828636944}|{-0.176835,-0.362815,0.914928913}|{1.0,1.0,1.0,1.0}|{7.0,8.0,0.0,0.0}|{0.935036778,0.0649631843,0.0,0.0}|)
Vertex:({2.71977162,0.574393034,-9.85767}|{0.0562681071,0.924331665,0.377418727}|{0.660247564,0.830451488}|{-0.203934,-0.359408,0.910624683}|{1.0,1.0,1.0,1.0}|{7.0,8.0,0.0,0.0}|{0.917503715,0.0824962482,0.0,0.0}|)
Vertex:({1.07216597,0.530200958,-9.43554}|{0.831315577,0.0958060548,0.54748112}|{0.285051107,0.446338415}|{-0.345776,0.860349178,0.374483585}|{1.0,1.0,1.0,1.0}|{2.0,3.0,6.0,7.0}|{0.147849739,0.383310318,0.376169413,0.0926705375}|)
Vertex:({1.26168787,0.58743751,-9.73333}|{0.831315577,0.0958060548,0.54748112}|{0.275582939,0.425903976}|{-0.345776,0.860349178,0.374483585}|{1.0,1.0,1.0,1.0}|{3.0,6.0,7.0,0.0}|{0.0288459379,0.313458085,0.657696009,0.0}|)
Vertex:({1.18763721,0.168911248,-9.54765}|{0.831315577,0.0958060548,0.54748112}|{0.260147482,0.449197173}|{-0.345776,0.860349178,0.374483585}|{1.0,1.0,1.0,1.0}|{2.0,3.0,6.0,7.0}|{0.0769347697,0.0926381871,0.490410447,0.340016544}|)
Vertex:({1.26168787,0.58743751,-9.73333}|{0.398433864,0.791867495,0.462813377}|{0.275582939,0.425903976}|{-0.89347,0.449122667,0.000741172174}|{1.0,1.0,1.0,1.0}|{3.0,6.0,7.0,0.0}|{0.0288459379,0.313458085,0.657696009,0.0}|)
Vertex:({0.923378944,0.682437181,-9.43745}|{0.398433864,0.791867495,0.462813377}|{0.298631787,0.443578124}|{-0.89347,0.449122667,0.000741172174}|{1.0,1.0,1.0,1.0}|{2.0,3.0,6.0,7.0}|{0.0508299433,0.695668817,0.218451828,0.0350494199}|)
Vertex:({0.942290664,0.881180286,-9.96095}|{0.398433864,0.791867495,0.462813377}|{0.29921028,0.408092141}|{-0.909291,0.407134265,0.0862033367}|{1.0,1.0,1.0,1.0}|{3.0,6.0,7.0,0.0}|{0.385743707,0.430281878,0.183974475,0.0}|)
Vertex:({1.38447249,0.793062568,-10.0237}|{0.398433864,0.791867495,0.462813377}|{0.272123873,0.403717577}|{-0.89347,0.449122667,0.000741172174}|{1.0,1.0,1.0,1.0}|{3.0,6.0,7.0,0.0}|{0.0051661022,0.186832666,0.80800122,0.0}|)
Vertex:({0.987627804,-0.455859,-6.85362}|{0.346203059,-0.934842,0.0788256824}|{0.928177655,0.566574693}|{0.927572191,0.353673041,0.120521255}|{1.0,1.0,1.0,1.0}|{0.0,44.0,0.0,0.0}|{0.658781111,0.341218859,0.0,0.0}|)
Vertex:({0.691211641,-0.547095,-6.63378}|{0.346203059,-0.934842,0.0788256824}|{0.903597653,0.587124348}|{0.927572191,0.353673041,0.120521255}|{1.0,1.0,1.0,1.0}|{0.0,44.0,48.0,0.0}|{0.451157421,0.538453996,0.0103886072,0.0}|)
Vertex:({0.999401748,-0.419035,-6.46861}|{0.346203059,-0.934842,0.0788256824}|{0.933252871,0.597077489}|{0.927572191,0.353673041,0.120521255}|{1.0,1.0,1.0,1.0}|{0.0,44.0,0.0,0.0}|{0.288212031,0.711787939,0.0,0.0}|)
Vertex:({1.14024079,-0.191818,-10.097}|{0.38646099,-0.920441,0.0586187169}|{0.211246312,0.408660293}|{0.921277881,0.382249922,-0.0716398}|{1.0,1.0,1.0,1.0}|{3.0,6.0,7.0,0.0}|{0.273689359,0.517584264,0.208726361,0.0}|)
Vertex:({1.23237026,-0.132614,-9.77476}|{0.38646099,-0.920441,0.0586187169}|{0.218582749,0.431227803}|{0.921277881,0.382249922,-0.0716398}|{1.0,1.0,1.0,1.0}|{3.0,6.0,7.0,0.0}|{0.0405681506,0.515135407,0.444296479,0.0}|)
Vertex:({1.48798788,-0.0608816,-10.3336}|{0.38646099,-0.920441,0.0586187169}|{0.238479555,0.394299269}|{0.921277881,0.382249922,-0.0716398}|{1.0,1.0,1.0,1.0}|{3.0,6.0,7.0,0.0}|{0.000329569884,0.217856839,0.781813562,0.0}|)
Vertex:({0.86496383,0.106408507,-3.38098}|{0.926552653,0.345260262,-0.149317}|{0.372569799,0.823960543}|{-0.36489,0.921396255,-0.133732}|{1.0,1.0,1.0,1.0}|{44.0,45.0,0.0,0.0}|{0.567126036,0.432873964,0.0,0.0}|)
Vertex:({0.914458036,0.163677484,-2.97273}|{0.926552653,0.345260262,-0.149317}|{0.372269809,0.851624727}|{-0.36489,0.921396255,-0.133732}|{1.0,1.0,1.0,1.0}|{44.0,45.0,0.0,0.0}|{0.0553173646,0.944682598,0.0,0.0}|)
Vertex:({0.77529484,0.52717787,-2.96447}|{0.926552653,0.345260262,-0.149317}|{0.395124733,0.855567217}|{-0.364656,0.921848118,-0.131233}|{1.0,1.0,1.0,1.0}|{44.0,45.0,0.0,0.0}|{0.0443160087,0.955684006,0.0,0.0}|)
Vertex:({0.751211405,0.413902432,-3.40713}|{0.926552653,0.345260262,-0.149317}|{0.396334946,0.825217009}|{-0.36489,0.921396255,-0.133732}|{1.0,1.0,1.0,1.0}|{44.0,45.0,0.0,0.0}|{0.577121735,0.422878295,0.0,0.0}|)
Vertex:({2.72766733,0.562660694,-10.1287}|{0.128036812,0.937522948,-0.323508}|{0.634291947,0.827471554}|{-0.118716,0.338334948,0.933507442}|{1.0,1.0,1.0,1.0}|{7.0,8.0,0.0,0.0}|{0.946462035,0.0535378791,0.0,0.0}|)
Vertex:({2.72392774,0.616502881,-9.9934}|{0.128036812,0.937522948,-0.323508}|{0.647550225,0.828636944}|{-0.118716,0.338334948,0.933507442}|{1.0,1.0,1.0,1.0}|{7.0,8.0,0.0,0.0}|{0.935036778,0.0649631843,0.0,0.0}|)
Vertex:({2.31035519,0.661019444,-10.0088}|{0.128036812,0.937522948,-0.323508}|{0.652438164,0.791660905}|{-0.147745,0.340583116,0.928533614}|{1.0,1.0,1.0,1.0}|{3.0,6.0,7.0,8.0}|{2.70514686e-08,0.00428102072,0.995047927,0.000671029033}|)
Vertex:({2.31090713,0.608692527,-10.1795}|{0.128036812,0.937522948,-0.323508}|{0.637105286,0.789250553}|{-0.118716,0.338334948,0.933507442}|{1.0,1.0,1.0,1.0}|{3.0,6.0,7.0,8.0}|{6.05803976e-08,0.00534058549,0.994069338,0.000589925097}|)
Vertex:({1.54614437,0.591140747,-9.76272}|{0.0954868272,0.270123065,0.958079219}|{0.688636363,0.733314514}|{-0.298138,-0.910533,0.28643167}|{1.0,1.0,1.0,1.0}|{3.0,6.0,7.0,0.0}|{9.18844307e-05,0.0969023481,0.903005779,0.0}|)
Vertex:({1.48924196,0.288826853,-9.67182}|{0.0954868272,0.270123065,0.958079219}|{0.715106726,0.736612201}|{-0.298138,-0.910533,0.28643167}|{1.0,1.0,1.0,1.0}|{3.0,6.0,7.0,0.0}|{2.30227361e-05,0.146392807,0.85358417,0.0}|)
Vertex:({1.26168787,0.58743751,-9.73333}|{0.0954868272,0.270123065,0.958079219}|{0.696876764,0.711119831}|{-0.298138,-0.910533,0.28643167}|{1.0,1.0,1.0,1.0}|{3.0,6.0,7.0,0.0}|{0.0288459379,0.313458085,0.657696009,0.0}|)
Vertex:({0.234340668,0.674784064,-7.30567}|{0.0319755487,0.929382622,-0.36773}|{0.347170979,0.587609649}|{-0.99838,0.0470228344,0.0320301205}|{1.0,1.0,1.0,1.0}|{0.0,0.0,0.0,0.0}|{0.99999994,0.0,0.0,0.0}|)
Vertex:({0.478975475,0.653792381,-7.33741}|{0.0319755487,0.929382622,-0.36773}|{0.331169546,0.585977435}|{-0.99838,0.0470228344,0.0320301205}|{1.0,1.0,1.0,1.0}|{0.0,0.0,0.0,0.0}|{1.0,0.0,0.0,0.0}|)
Vertex:({0.531089604,0.76658386,-7.04785}|{0.0319755487,0.929382622,-0.36773}|{0.329262644,0.605790198}|{-0.998606,0.0451627597,0.027309414}|{1.0,1.0,1.0,1.0}|{0.0,44.0,0.0,0.0}|{0.893824875,0.106175169,0.0,0.0}|)
Vertex:({0.266568661,0.791330695,-7.00827}|{0.0319755487,0.929382622,-0.36773}|{0.34563148,0.607992411}|{-0.99838,0.0470228344,0.0320301205}|{1.0,1.0,1.0,1.0}|{0.0,44.0,0.0,0.0}|{0.926888347,0.0731115788,0.0,0.0}|)
Vertex:({0.727378249,-0.30018,-3.71399}|{0.930032492,-0.354192,0.0979141667}|{0.344452977,0.798563719}|{0.359649032,0.932019234,-0.0446425}|{1.0,1.0,1.0,1.0}|{44.0,45.0,0.0,0.0}|{0.950039983,0.0499600247,0.0,0.0}|)
Vertex:({0.878636837,0.0545874238,-3.73536}|{0.930032492,-0.354192,0.0979141667}|{0.371582955,0.7981897}|{0.359649032,0.932019234,-0.0446425}|{1.0,1.0,1.0,1.0}|{44.0,45.0,0.0,0.0}|{0.963369012,0.0366310403,0.0,0.0}|)
Vertex:({0.925380945,0.0602481663,-4.29091}|{0.930032492,-0.354192,0.0979141667}|{0.373110384,0.758271456}|{0.354649097,0.934905052,0.0132883973}|{1.0,1.0,1.0,1.0}|{44.0,45.0,0.0,0.0}|{0.998774767,0.00122531108,0.0,0.0}|)
Vertex:({0.791713417,-0.326866,-4.28958}|{0.930032492,-0.354192,0.0979141667}|{0.344541252,0.758667231}|{0.359649032,0.932019234,-0.0446425}|{1.0,1.0,1.0,1.0}|{44.0,45.0,0.0,0.0}|{0.99830699,0.0016930236,0.0,0.0}|)
Vertex:({0.103777602,0.765342951,-6.34613}|{0.0078545697,0.978633404,0.205462947}|{0.830394983,0.458897531}|{-0.99615,0.0255971868,-0.0838396}|{1.0,1.0,1.0,1.0}|{0.0,44.0,48.0,0.0}|{0.279564798,0.466089815,0.254345417,0.0}|)
Vertex:({0.0920368657,0.835429907,-6.67977}|{0.0078545697,0.978633404,0.205462947}|{0.832795739,0.429852426}|{-0.99615,0.0255971868,-0.0838396}|{1.0,1.0,1.0,1.0}|{0.0,44.0,48.0,0.0}|{0.645649254,0.210417151,0.143933564,0.0}|)
Vertex:({0.287325919,0.837045312,-6.69467}|{0.0078545697,0.978633404,0.205462947}|{0.816474676,0.428250551}|{-0.999702,0.0124374134,-0.021023}|{1.0,1.0,1.0,1.0}|{0.0,44.0,48.0,0.0}|{0.62534374,0.304002941,0.0706533268,0.0}|)
Vertex:({0.294327915,0.756336212,-6.31078}|{0.0078545697,0.978633404,0.205462947}|{0.813884974,0.460584819}|{-0.99615,0.0255971868,-0.0838396}|{1.0,1.0,1.0,1.0}|{0.0,44.0,48.0,0.0}|{0.22872299,0.640766144,0.130510822,0.0}|)
Vertex:({0.291883618,0.14298752,-0.783155}|{-0.93134,-0.358683,0.0628637597}|{0.322439849,0.991909087}|{0.364010632,-0.912223,0.188002691}|{1.0,1.0,1.0,1.0}|{44.0,45.0,46.0,47.0}|{3.62982223e-06,0.729024649,0.260651201,0.0103204818}|)
Vertex:({0.375337005,-0.102262,-0.787898}|{-0.93134,-0.358683,0.0628637597}|{0.33850944,0.988476753}|{0.364010632,-0.912223,0.188002691}|{1.0,1.0,1.0,1.0}|{44.0,45.0,46.0,47.0}|{3.4339846e-06,0.632056952,0.347051859,0.0208877586}|)
